ID,Date (GMT),Time (24hr),Duration (hrs),ConfP (psi),ActP (psi),Load (lbs),SmallLVDT (in),LargeLVDT (in),LVTemp (C),UVTemp (C),PistonTemp (C),LCTemp (C),AmbTemp (C),CFluidTemp,DilaFDBK (mL),ISCO Volume (V),DnStream Flow (SCCM),Schu DIA 01,Schu DIA 02
1,2015-07-09T18:53:04.000,12:53:04 PM,72.3996,-1.02832,-1.07642,-29008.1,-0.0996732,-0.615336,21.3,21.6,21.5,21.6,21.7,21.2,68.9902,507.213,1.93931,0.518274,-0.483209
2,2015-07-09T18:53:14.000,12:53:14 PM,72.4022,-1.02832,-1.07642,-29008.1,-0.0996732,-0.614959,21.2,21.7,21.5,21.6,21.7,21.2,68.9902,507.213,1.93931,0.518274,-0.483209
3,2015-07-09T18:53:24.000,12:53:24 PM,72.4051,-1.02832,-1.07642,-29008.1,-0.0996732,-0.614393,21.1,21.7,21.5,21.6,21.7,21.2,68.9902,507.213,1.93931,0.518274,-0.483209
4,2015-07-09T18:53:33.000,12:53:33 PM,72.4077,-1.02832,-1.07642,-29008.1,-0.0996732,-0.614204,21.2,21.6,21.4,21.7,21.8,21.2,68.9902,507.213,1.85121,0.518274,-0.483209
5,2015-07-09T18:53:43.000,12:53:44 PM,0.00258972,-1.02832,-1.07642,-29008.1,-0.0996732,-0.614204,21.3,21.6,21.4,21.7,21.8,21.2,68.9902,507.213,1.93931,0.518274,-0.483209
6,2015-07-09T18:53:53.000,12:53:54 PM,0.00530639,-1.02832,-1.07642,-29008.1,-0.0996732,-0.614204,21.3,21.6,21.4,21.7,21.8,21.2,68.9902,507.213,1.93931,0.518274,-0.483209
7,2015-07-09T18:54:03.000,12:54:04 PM,0.00799861,-0.10498,-1.07642,-29008.1,-0.0996732,-0.614204,21.2,21.6,21.4,21.7,21.7,21.2,68.9902,507.213,1.85121,0.518274,-0.483209
8,2015-07-09T18:54:13.000,12:54:14 PM,0.0108942,-0.10498,-1.07642,-29008.1,-0.0996732,-0.61477,21.3,21.6,21.4,21.6,21.7,21.2,68.9902,507.213,1.85121,0.518274,-0.483209
9,2015-07-09T19:17:55.000,1:17:56 PM,0.404443,-0.10498,-0.153076,-29008.1,-0.0996732,-0.614393,21.6,21.6,21.6,21.7,21.7,22,69.0019,507.213,1.85121,-0.47808,-0.465846
10,2015-07-09T19:18:05.000,1:18:06 PM,0.407088,-0.10498,-1.07642,-29008.1,-0.0996732,-0.614204,21.4,21.6,21.6,21.6,21.7,22,69.0019,507.213,1.85121,-0.47808,-0.465846
11,2015-07-09T19:18:15.000,1:18:16 PM,0.40999,-0.10498,-1.07642,-29008.1,-0.0996732,-0.614204,21.5,21.4,21.6,21.7,21.7,22,69.0019,507.213,1.93931,-0.47808,-0.465846
12,2015-07-09T19:18:26.000,1:18:26 PM,0.412684,-0.10498,-0.153076,-29008.1,-0.0996732,-0.614393,21.5,21.6,21.6,21.7,21.6,22,69.0019,507.213,1.85121,-0.47808,-0.465846
13,2015-07-09T19:18:36.000,1:18:36 PM,0.415523,-0.10498,-0.153076,-29008.1,-0.0996732,-0.614581,21.5,21.5,21.6,21.8,21.6,22,69.0019,507.213,1.85121,-0.47808,-0.465846
14,2015-07-09T19:18:45.000,1:18:45 PM,0.418164,-0.10498,-0.153076,-29008.1,-0.0996732,-0.614393,21.5,21.6,21.6,21.8,21.6,22,69.0019,507.213,1.93931,-0.47808,-0.465938
15,2015-07-09T19:18:55.000,1:18:55 PM,0.421045,-0.10498,-0.153076,-29008.1,-0.0996732,-0.614393,21.5,21.6,21.6,21.6,21.7,22,69.0019,507.213,1.85121,-0.47808,-0.465938
16,2015-07-09T19:19:05.000,1:19:06 PM,0.423797,0.818115,-0.153076,-29008.1,-0.0996732,-0.614393,21.6,21.6,21.6,21.8,21.7,22,69.0019,507.213,1.85121,-0.47808,-0.465938
17,2015-07-09T19:19:15.000,1:19:16 PM,0.426449,-0.10498,-0.153076,-29008.1,-0.0996732,-0.614581,21.6,21.6,21.6,21.8,21.7,22,69.0019,507.213,1.85121,-0.47808,-0.465938
18,2015-07-09T19:19:25.000,1:19:26 PM,0.429363,-0.10498,-0.153076,-29008.1,-0.0996732,-0.614959,21.5,21.6,21.6,21.8,21.7,22,68.9902,507.213,1.85121,-0.47808,-0.465938
19,2015-07-09T19:19:36.000,1:19:36 PM,0.432052,0.818115,-0.153076,-29008.1,-0.0996732,-0.615148,21.4,21.6,21.6,21.8,21.7,22,69.0019,507.213,1.93931,-0.47808,-0.465938
20,2015-07-09T19:19:46.000,1:19:46 PM,0.434907,2.97217,-0.153076,-29008.1,-0.0996732,-0.615336,21.4,21.5,21.6,21.6,21.6,22,69.0019,507.213,1.85121,-0.47808,-0.465938
21,2015-07-09T19:19:56.000,1:19:56 PM,0.437593,-0.10498,-0.153076,-29008.1,-0.0996732,-0.615525,21.4,21.6,21.6,21.8,21.6,22,69.0019,507.213,1.93931,-0.47808,-0.465938
22,2015-07-09T19:20:05.000,1:20:05 PM,0.440487,-0.10498,-1.07642,-29008.1,-0.0996732,-0.615525,21.4,21.5,21.6,21.7,21.6,22,68.9902,507.213,1.85121,-0.47808,-0.466029
23,2015-07-09T19:20:15.000,1:20:16 PM,0.443194,-0.10498,-0.153076,-29008.1,-0.0996732,-0.615525,21.3,21.6,21.7,21.7,21.6,22,69.0019,507.213,1.85121,-0.47808,-0.466029
24,2015-07-09T19:20:25.000,1:20:26 PM,0.445876,-0.10498,-1.07642,-29008.1,-0.0996732,-0.615525,21.5,21.5,21.6,21.7,21.6,22,69.0019,507.213,1.93931,-0.47808,-0.466029
25,2015-07-09T19:20:35.000,1:20:36 PM,0.448788,-0.10498,-0.153076,-29008.1,-0.0996732,-0.615525,21.2,21.7,21.6,21.6,21.6,22,69.0019,507.213,1.85121,-0.47808,-0.466029
26,2015-07-09T19:20:45.000,1:20:46 PM,0.451439,-0.10498,-0.153076,-29008.1,-0.0996732,-0.615525,21.3,21.7,21.6,21.7,21.6,22,69.0019,507.213,1.85121,-0.47808,-0.466029
27,2015-07-09T19:20:56.000,1:20:56 PM,0.454121,-0.10498,-0.153076,-29008.1,-0.0996732,-0.615525,21.2,21.6,21.6,21.8,21.6,22,69.0019,507.213,1.85121,-0.47808,-0.466029
28,2015-07-09T19:21:06.000,1:21:06 PM,0.457064,-0.10498,-0.153076,-29008.1,-0.0996732,-0.615525,21.3,21.6,21.6,21.7,21.6,22,69.0019,507.213,1.93931,-0.47808,-0.466121
29,2015-07-09T19:21:15.000,1:21:15 PM,0.459764,-0.10498,-0.153076,-29008.1,-0.0996732,-0.615148,21.3,21.6,21.6,21.7,21.6,22,69.0019,507.213,1.85121,-0.47808,-0.466121
30,2015-07-09T19:21:25.000,1:21:26 PM,0.462478,-0.10498,-0.153076,5246.27,-0.0996732,-0.61477,21.2,21.7,21.6,21.6,21.6,22,69.0019,507.213,1.85121,-0.47808,-0.466121
31,2015-07-09T19:21:35.000,1:21:36 PM,0.465395,-0.10498,-0.153076,-29008.1,-0.0996732,-0.614581,21.4,21.6,21.6,21.7,21.6,22,69.0019,507.213,1.85121,-0.47808,-0.466121
32,2015-07-09T19:21:45.000,1:21:46 PM,0.468001,-0.10498,1.69336,-29008.1,-0.0996732,-0.614581,21.3,21.6,21.6,21.6,21.6,21.8,69.0019,507.213,1.93931,-0.47808,-0.466212
33,2015-07-09T19:21:55.000,1:21:56 PM,0.470928,-0.10498,-0.153076,-29008.1,-0.0996732,-0.614393,21.3,21.6,21.6,21.7,21.5,21.6,68.9902,507.213,1.85121,-0.47808,-0.466121
34,2015-07-09T19:22:06.000,1:22:06 PM,0.473592,-0.10498,-0.153076,-29008.1,-0.0996732,-0.614581,21.2,21.5,21.6,21.7,21.5,21.7,69.0019,507.213,1.93931,-0.47808,-0.466121
35,2015-07-09T19:22:16.000,1:22:16 PM,0.476319,-0.10498,-0.153076,-29008.1,-0.0996732,-0.614393,21.3,21.5,21.6,21.7,21.5,21.7,69.0019,507.213,1.93931,-0.47808,-0.466029
36,2015-07-09T19:22:26.000,1:22:26 PM,0.479254,-0.10498,-0.153076,-29008.1,-0.0996732,-0.614581,21.3,21.6,21.6,21.7,21.6,21.8,69.0019,507.213,1.93931,-0.47808,-0.471949
37,2015-07-09T19:22:35.000,1:22:35 PM,0.481947,-0.10498,-1.07642,-29008.1,-0.0996732,-0.614393,21.6,21.5,21.6,21.7,21.6,21.8,69.0019,507.213,1.85121,-0.47808,-0.476679
38,2015-07-09T19:22:45.000,1:22:46 PM,0.48475,-0.10498,-0.153076,-29008.1,-0.0996732,-0.614393,21.6,21.6,21.6,21.7,21.6,21.8,69.0019,507.213,1.93931,-0.47808,-0.477747
39,2015-07-09T19:22:55.000,1:22:56 PM,0.487445,-0.10498,-0.153076,-29008.1,-0.0996732,-0.614581,21.7,21.6,21.6,21.7,21.6,21.8,69.0019,507.213,1.93931,-0.47808,-0.478296
40,2015-07-09T19:23:05.000,1:23:06 PM,0.490131,-0.10498,-0.153076,-29008.1,-0.0996732,-0.61477,21.5,21.5,21.7,21.7,21.6,21.8,69.0019,507.213,1.85121,-0.47808,-0.47851
41,2015-07-09T19:23:16.000,1:23:16 PM,0.493007,-0.10498,-0.153076,-29008.1,-0.0996732,-0.615336,21.6,21.5,21.6,21.7,21.5,21.8,69.0019,507.213,1.93931,-0.47808,-0.47851
42,2015-07-09T19:23:26.000,1:23:26 PM,0.495717,-0.10498,-0.153076,-29008.1,-0.0996732,-0.615525,21.8,21.5,21.7,21.7,21.6,21.8,69.0019,507.213,1.85121,-0.47808,-0.47851
43,2015-07-09T19:23:36.000,1:23:36 PM,0.498583,0.818115,-0.153076,-29008.1,-0.0996732,-0.615525,21.5,21.6,21.7,21.8,21.5,21.8,69.0019,507.213,1.93931,-0.47808,-0.478602
44,2015-07-09T19:23:46.000,1:23:46 PM,0.50122,0.818115,-1.07642,-29008.1,-0.0996732,-0.615525,21.5,21.6,21.7,21.8,21.6,21.7,69.0019,507.213,1.93931,-0.47808,-0.478602
45,2015-07-09T19:23:55.000,1:23:56 PM,0.504101,0.818115,-1.07642,-29008.1,-0.0996732,-0.615525,21.5,21.6,21.7,21.7,21.6,21.8,69.0019,507.213,1.85121,-0.47808,-0.47851
46,2015-07-09T19:24:05.000,1:24:06 PM,0.506841,0.818115,-0.153076,-29008.1,-0.0996732,-0.615148,21.6,21.5,21.7,21.8,21.6,21.8,68.9902,507.213,1.85121,-0.47808,-0.47851
47,2015-07-09T19:24:15.000,1:24:16 PM,0.509504,0.818115,-0.153076,-29008.1,-0.0996732,-0.615148,21.5,21.6,21.7,21.7,21.6,21.8,69.0019,507.213,1.85121,-0.47808,-0.47851
48,2015-07-09T19:24:26.000,1:24:26 PM,0.512423,0.818115,-0.153076,-29008.1,-0.0996732,-0.614581,21.4,21.5,21.7,21.8,21.6,21.8,69.0019,507.213,1.93931,-0.47808,-0.47851
49,2015-07-09T19:24:36.000,1:24:36 PM,0.515164,0.818115,-0.153076,-29008.1,-0.0996732,-0.614393,21.4,21.6,21.7,21.7,21.6,21.8,68.9902,507.213,1.93931,-0.47808,-0.47851
50,2015-07-09T19:24:46.000,1:24:46 PM,0.517784,0.818115,-0.153076,-29008.1,-0.0996732,-0.614393,21.3,21.6,21.7,21.7,21.6,21.7,69.0019,507.213,1.85121,-0.47808,-0.47851
51,2015-07-09T19:24:56.000,1:24:56 PM,0.52068,0.818115,-0.153076,-29008.1,-0.0996732,-0.614393,21.5,21.5,21.7,21.7,21.6,21.8,69.0019,507.213,1.93931,-0.47808,-0.47851
52,2015-07-09T19:25:06.000,1:25:07 PM,0.523445,0.818115,-0.153076,-29008.1,-0.0996732,-0.614581,21.5,21.5,21.7,21.7,21.6,21.8,69.0019,507.213,1.93931,-0.47808,-0.47851
53,2015-07-09T19:25:15.000,1:25:16 PM,0.526284,0.818115,-0.153076,-29008.1,-0.0996732,-0.614581,21.5,21.5,21.7,21.7,21.6,21.8,69.0019,507.213,1.93931,-0.47808,-0.47851
54,2015-07-09T19:25:25.000,1:25:26 PM,0.529004,0.818115,-0.153076,-29008.1,-0.0996732,-0.61477,21.6,21.6,21.7,21.8,21.6,21.8,68.9902,507.213,1.85121,-0.47808,-0.478602
55,2015-07-09T19:25:35.000,1:25:36 PM,0.531766,0.818115,-0.153076,-29008.1,-0.0996732,-0.614959,21.4,21.6,21.7,21.7,21.6,21.8,69.0019,507.213,1.93931,-0.47808,-0.478602
56,2015-07-09T19:25:46.000,1:25:46 PM,0.534595,0.818115,-0.153076,-29008.1,-0.0996732,-0.615148,21.5,21.6,21.7,21.7,21.6,21.8,68.9902,507.213,1.93931,-0.47808,-0.478602
57,2015-07-09T19:25:56.000,1:25:56 PM,0.537225,0.818115,-0.153076,-29008.1,-0.0996732,-0.615148,21.5,21.5,21.7,21.7,21.5,21.8,69.0019,507.213,1.85121,-0.47808,-0.47851
58,2015-07-09T19:26:06.000,1:26:06 PM,0.540081,0.818115,-0.153076,-29008.1,-0.0996732,-0.615336,21.4,21.6,21.7,21.7,21.6,21.8,69.0019,507.213,1.85121,-0.47808,-0.478602
59,2015-07-09T19:26:16.000,1:26:17 PM,0.542801,0.818115,-0.153076,-29008.1,-0.0996732,-0.615336,21.7,21.6,21.7,21.8,21.5,21.8,69.0019,507.213,1.93931,-0.47808,-0.47851
60,2015-07-09T19:26:25.000,1:26:26 PM,0.545704,0.818115,-0.153076,-29008.1,-0.0996732,-0.615336,21.7,21.6,21.7,21.8,21.6,21.8,68.9902,507.213,1.93931,-0.47808,-0.47851
61,2015-07-09T19:26:35.000,1:26:36 PM,0.548349,0.818115,-0.153076,-29008.1,-0.0996732,-0.615336,21.5,21.6,21.7,21.8,21.6,21.8,68.9902,507.213,1.93931,-0.47808,-0.47851
62,2015-07-09T19:26:45.000,1:26:46 PM,0.551239,0.818115,-0.153076,-29008.1,-0.0996732,-0.615336,21.6,21.5,21.8,21.8,21.6,21.8,69.0019,507.213,1.85121,-0.47808,-0.47851
63,2015-07-09T19:26:56.000,1:26:56 PM,0.554017,2.04907,-1.07642,-29008.1,-0.0996732,-0.615525,21.4,21.5,21.7,21.8,21.6,21.8,69.0019,507.213,1.93931,-0.47808,-0.483209
64,2015-07-09T19:27:06.000,1:27:06 PM,0.556694,2.04907,-0.153076,-29008.1,-0.0996732,-0.615336,21.5,21.5,21.8,21.8,21.5,21.8,68.9902,507.213,1.85121,-0.47808,-0.418272
65,2015-07-09T19:27:16.000,1:27:16 PM,0.55944,0.818115,-1.07642,-29008.1,-0.0996732,-0.615148,21.6,21.6,21.8,21.8,21.5,21.8,68.9902,507.213,1.93931,-0.431587,0.323532
66,2015-07-09T19:27:26.000,1:27:27 PM,0.562334,2.04907,-1.07642,-29008.1,-0.0996732,-0.614959,21.6,21.6,21.8,21.8,21.6,21.8,68.9902,507.213,1.85121,-0.427695,0.32457
67,2015-07-09T19:27:36.000,1:27:37 PM,0.565028,0.818115,-1.07642,-29008.1,-0.0996732,-0.614581,21.7,21.6,21.7,21.8,21.6,21.8,68.9902,507.213,1.93931,-0.428151,0.325241
68,2015-07-09T19:27:45.000,1:27:46 PM,0.567841,2.04907,-1.07642,-29008.1,-0.0996732,-0.614581,21.7,21.6,21.8,21.8,21.6,21.8,68.9902,507.213,1.85121,-0.42882,0.325729
69,2015-07-09T19:27:55.000,1:27:56 PM,0.570527,2.04907,-1.07642,-29008.1,-0.0996732,-0.614393,21.6,21.6,21.7,21.8,21.6,21.8,68.9902,507.213,1.85121,-0.429002,0.325912
70,2015-07-09T19:28:06.000,1:28:06 PM,0.573219,2.04907,-1.07642,-29008.1,-0.0996732,-0.614204,21.6,21.7,21.7,21.7,21.6,21.8,68.9902,507.213,1.93931,-0.429215,0.326095
71,2015-07-09T19:28:16.000,1:28:16 PM,0.576103,2.04907,-1.07642,-29008.1,-0.0996732,-0.614015,21.5,21.6,21.8,21.7,21.6,21.8,68.9902,507.213,1.93931,-0.429215,0.326095
72,2015-07-09T19:28:26.000,1:28:26 PM,0.578853,2.04907,-1.07642,-29008.1,-0.0996732,-0.614204,21.6,21.6,21.8,21.8,21.6,21.8,68.9902,507.213,1.85121,-0.42958,0.326187
73,2015-07-09T19:28:36.000,1:28:36 PM,0.581731,2.04907,-1.07642,-29008.1,-0.0996732,-0.614581,21.5,21.6,21.8,21.7,21.6,21.8,68.9902,507.213,1.93931,-0.429763,0.326187
74,2015-07-09T19:28:46.000,1:28:47 PM,0.584389,2.04907,-1.07642,-29008.1,-0.0996732,-0.61477,21.7,21.6,21.8,21.7,21.6,21.8,68.9902,507.213,1.85121,-0.429975,0.326187
75,2015-07-09T19:28:56.000,1:28:57 PM,0.587277,2.04907,-1.07642,-29008.1,-0.0996732,-0.61477,21.5,21.6,21.8,21.7,21.6,21.8,68.9902,507.213,1.85121,-0.429975,0.326187
76,2015-07-09T19:29:05.000,1:29:06 PM,0.589985,2.04907,-1.07642,-29008.1,-0.0996732,-0.615148,21.5,21.6,21.8,21.6,21.6,21.8,68.9902,507.213,1.85121,-0.429975,0.326187
77,2015-07-09T19:29:16.000,1:29:16 PM,0.592683,2.97217,-1.07642,-29008.1,-0.0996732,-0.615336,21.6,21.5,21.8,21.6,21.6,21.8,68.9902,507.213,1.85121,-0.429975,0.326187
78,2015-07-09T19:29:26.000,1:29:26 PM,0.595556,2.04907,-1.07642,-29008.1,-0.0996732,-0.615148,21.5,21.6,21.8,21.6,21.6,21.8,68.9902,507.213,1.85121,-0.430158,0.326187
79,2015-07-09T19:29:36.000,1:29:36 PM,0.598293,2.04907,-1.07642,-29008.1,-0.0996732,-0.615336,21.5,21.6,21.8,21.6,21.6,21.8,68.9902,507.213,1.93931,-0.430067,0.326187
80,2015-07-09T19:29:46.000,1:29:46 PM,0.601115,2.04907,-1.07642,-29008.1,-0.0996732,-0.615336,21.4,21.6,21.8,21.6,21.6,21.8,68.9902,507.213,1.93931,-0.430158,0.326187
81,2015-07-09T19:29:56.000,1:29:57 PM,0.603757,2.04907,-1.07642,-29008.1,-0.0996732,-0.615148,21.5,21.6,21.8,21.7,21.6,21.8,68.9902,507.213,1.85121,-0.430523,0.326095
82,2015-07-09T19:30:06.000,1:30:07 PM,0.606701,2.04907,-1.07642,-29008.1,-0.0996732,-0.61477,21.5,21.6,21.8,21.6,21.6,21.8,68.9902,507.213,1.85121,-0.430614,0.326095
83,2015-07-09T19:30:16.000,1:30:17 PM,0.609432,2.04907,-1.07642,-29008.1,-0.0996732,-0.614204,21.5,21.6,21.8,21.6,21.6,21.8,68.9902,507.213,1.93931,-0.430827,0.326095
84,2015-07-09T19:30:25.000,1:30:26 PM,0.612103,2.04907,-1.07642,-29008.1,-0.0996732,-0.614015,21.3,21.5,21.8,21.7,21.6,21.8,68.9902,507.213,1.93931,-0.430918,0.326095
85,2015-07-09T19:30:36.000,1:30:36 PM,0.615001,2.04907,-1.07642,-29008.1,-0.0996732,-0.614393,21.3,21.6,21.8,21.6,21.6,21.8,68.9902,507.213,1.93931,-0.430918,0.326095
86,2015-07-09T19:30:46.000,1:30:46 PM,0.617661,2.04907,-1.07642,-29008.1,-0.0996732,-0.614581,21.5,21.6,21.8,21.6,21.6,21.8,68.9902,507.213,1.85121,-0.431009,0.326095
87,2015-07-09T19:30:56.000,1:30:56 PM,0.620332,2.04907,-1.07642,-29008.1,-0.0996732,-0.614581,21.5,21.6,21.8,21.6,21.6,21.8,68.9902,507.213,1.85121,-0.431192,0.326095
88,2015-07-09T19:31:06.000,1:31:07 PM,0.623293,2.04907,-1.07642,-29008.1,-0.0996732,-0.61477,21.5,21.6,21.8,21.7,21.6,21.8,68.9902,507.213,1.85121,-0.431192,0.326095
89,2015-07-09T19:31:16.000,1:31:17 PM,0.625968,2.04907,-1.07642,-29008.1,-0.0996732,-0.61477,21.5,21.6,21.8,21.7,21.6,21.8,68.9902,507.213,1.85121,-0.431283,0.326095
90,2015-07-09T19:31:26.000,1:31:27 PM,0.628825,2.04907,-1.07642,-29008.1,-0.0996732,-0.614959,21.5,21.6,21.8,21.7,21.6,21.8,68.9902,507.213,1.85121,-0.431374,0.326095
91,2015-07-09T19:31:36.000,1:31:37 PM,0.631539,2.04907,-1.07642,-29008.1,-0.0996732,-0.614959,21.5,21.6,21.8,21.7,21.6,21.8,68.9902,507.213,1.93931,-0.431465,0.326095
92,2015-07-09T19:31:46.000,1:31:46 PM,0.634394,2.04907,-1.07642,-29008.1,-0.0996732,-0.614959,21.5,21.6,21.8,21.7,21.6,21.8,68.9902,507.213,1.93931,-0.431374,0.326095
93,2015-07-09T19:31:56.000,1:31:56 PM,0.637098,2.04907,-1.07642,-29008.1,-0.0996732,-0.61477,21.5,21.6,21.8,21.6,21.6,21.8,68.9902,507.213,1.93931,-0.431465,0.326095
94,2015-07-09T19:32:06.000,1:32:06 PM,0.63975,2.04907,-1.07642,-29008.1,-0.0996732,-0.61477,21.5,21.6,21.8,21.7,21.6,21.8,68.9902,507.213,1.85121,-0.431587,0.326095
95,2015-07-09T19:32:16.000,1:32:17 PM,0.642684,2.04907,-1.07642,-29008.1,-0.0996732,-0.614959,21.4,21.6,21.8,21.7,21.6,21.8,68.9902,507.213,1.85121,-0.431587,0.326095
96,2015-07-09T19:32:26.000,1:32:27 PM,0.645384,2.04907,-1.07642,-29008.1,-0.0996732,-0.614959,21.4,21.7,21.8,21.7,21.6,21.8,68.9902,507.213,1.93931,-0.431587,0.326095
97,2015-07-09T19:32:36.000,1:32:37 PM,0.648314,2.04907,-1.07642,-29008.1,-0.0996732,-0.614959,21.4,21.6,21.7,21.6,21.6,21.8,68.9902,507.213,1.93931,-0.431587,0.326309
98,2015-07-09T19:32:46.000,1:32:47 PM,0.650905,2.04907,-1.07642,-29008.1,-0.0996732,-0.61477,21.5,21.6,21.8,21.6,21.6,21.8,68.9902,507.213,1.93931,-0.431587,0.326095
99,2015-07-09T19:32:56.000,1:32:56 PM,0.653819,2.04907,-1.07642,-29008.1,-0.0996732,-0.614581,21.4,21.6,21.8,21.7,21.6,21.8,68.9902,507.213,1.93931,-0.431587,0.326095
100,2015-07-09T19:33:06.000,1:33:06 PM,0.656515,2.04907,-1.07642,-29008.1,-0.0996732,-0.614393,21.3,21.5,21.8,21.6,21.6,21.8,68.9902,507.213,1.93931,-0.431587,0.326095
101,2015-07-09T19:33:16.000,1:33:16 PM,0.659175,2.04907,-1.07642,-29008.1,-0.0996732,-0.614204,21.3,21.6,21.7,21.7,21.6,21.8,68.9902,507.213,1.93931,-0.431283,0.326492
102,2015-07-09T19:33:26.000,1:33:26 PM,0.662085,2.04907,-1.07642,-29008.1,-0.0996732,-0.614204,21.5,21.5,21.7,21.6,21.6,21.8,68.9902,506.329,1.93931,-0.430918,0.327041
103,2015-07-09T19:33:36.000,1:33:37 PM,0.664824,2.97217,-1.99951,-29008.1,-0.0996732,-0.614015,21.4,21.6,21.7,21.6,21.6,21.8,68.9902,504.701,1.85121,-0.430523,0.328018
104,2015-07-09T19:33:46.000,1:33:47 PM,0.667448,2.04907,-1.07642,-29008.1,-0.0996732,-0.614204,21.5,21.6,21.7,21.6,21.7,21.8,68.9902,503.383,1.93931,-0.430249,0.329055
105,2015-07-09T19:33:56.000,1:33:57 PM,0.670386,2.04907,-1.07642,-29008.1,-0.0996732,-0.614393,21.4,21.5,21.8,21.6,21.6,21.8,68.9902,502.235,1.93931,-0.430067,0.329544
106,2015-07-09T19:34:07.000,1:34:07 PM,0.673082,2.04907,-1.07642,-29008.1,-0.0996732,-0.614959,21.4,21.6,21.7,21.6,21.7,21.8,68.9902,501.103,1.85121,-0.429763,0.32991
107,2015-07-09T19:34:16.000,1:34:16 PM,0.676013,2.04907,-1.07642,-29008.1,-0.0996732,-0.615336,21.4,21.6,21.8,21.6,21.7,21.8,68.9902,499.366,1.93931,-0.429306,0.330856
108,2015-07-09T19:34:26.000,1:34:26 PM,0.678654,2.97217,-1.07642,-29008.1,-0.0996732,-0.615336,21.5,21.6,21.7,21.7,21.7,21.8,68.9902,497.257,1.85121,-0.428546,0.33171
109,2015-07-09T19:34:36.000,1:34:36 PM,0.681571,2.97217,-1.07642,-29008.1,-0.0996732,-0.615336,21.5,21.6,21.7,21.6,21.7,21.8,68.9902,495.009,1.85121,-0.427786,0.332382
110,2015-07-09T19:34:46.000,1:34:47 PM,0.684203,2.97217,-1.07642,-29008.1,-0.0996732,-0.615148,21.5,21.6,21.7,21.7,21.7,21.8,68.9902,493.427,1.93931,-0.427208,0.332778
111,2015-07-09T19:34:56.000,1:34:57 PM,0.686876,2.97217,-1.07642,-29008.1,-0.0996732,-0.61477,21.5,21.6,21.7,21.7,21.7,21.8,68.9902,491.923,1.93931,-0.426935,0.333053
112,2015-07-09T19:35:06.000,1:35:07 PM,0.689806,2.97217,-1.07642,-29008.1,-0.0996732,-0.61477,21.5,21.7,21.7,21.7,21.7,21.8,68.9902,490.186,1.93931,-0.426357,0.333328
113,2015-07-09T19:35:17.000,1:35:17 PM,0.692508,3.89551,-1.07642,-29008.1,-0.0996732,-0.614959,21.5,21.6,21.7,21.7,21.7,21.8,68.9902,487.751,1.85121,-0.425323,0.333907
114,2015-07-09T19:35:27.000,1:35:27 PM,0.69543,3.89551,-1.07642,-29008.1,-0.0996732,-0.614959,21.5,21.6,21.7,21.7,21.7,21.8,68.9902,484.976,1.85121,-0.424076,0.334487
115,2015-07-09T19:35:36.000,1:35:36 PM,0.698137,3.89551,-1.07642,-29008.1,-0.0996732,-0.614959,21.3,21.6,21.7,21.6,21.7,21.8,68.9902,482.231,1.85121,-0.423134,0.334762
116,2015-07-09T19:35:46.000,1:35:46 PM,0.700808,3.89551,-1.07642,-29008.1,-0.0996732,-0.615148,21.3,21.6,21.7,21.6,21.7,21.8,68.9902,479.533,1.93931,-0.422374,0.335036
117,2015-07-09T19:35:56.000,1:35:57 PM,0.703694,4.8186,-1.07642,-29008.1,-0.0996732,-0.615336,21.3,21.7,21.7,21.6,21.7,21.8,68.9902,476.245,1.85121,-0.420944,0.335342
118,2015-07-09T19:36:06.000,1:36:07 PM,0.706388,4.8186,-1.07642,-29008.1,-0.0996732,-0.615148,21.3,21.6,21.7,21.6,21.7,21.8,68.9902,471.345,1.93931,-0.417812,0.335616
119,2015-07-09T19:36:16.000,1:36:17 PM,0.70929,4.8186,-1.07642,-29008.1,-0.0996732,-0.615336,21.4,21.6,21.7,21.6,21.7,21.8,68.9902,465.592,1.93931,-0.414316,0.335616
120,2015-07-09T19:36:26.000,1:36:27 PM,0.712039,5.7417,-1.07642,-29008.1,-0.0996732,-0.615336,21.5,21.6,21.7,21.6,21.7,21.8,68.9902,459.544,1.85121,-0.411001,0.335616
121,2015-07-09T19:36:37.000,1:36:37 PM,0.714718,4.8186,-1.07642,-29008.1,-0.0996732,-0.615148,21.3,21.6,21.7,21.6,21.7,21.8,68.9785,453.325,1.85121,0.273131,0.331161
122,2015-07-09T19:36:47.000,1:36:47 PM,0.717417,4.8186,-1.99951,-29008.1,-0.0996732,-0.615148,21.3,21.6,21.7,21.7,21.7,21.8,68.9902,446.533,1.93931,0.272371,0.339705
123,2015-07-09T19:36:56.000,1:36:56 PM,0.720354,5.7417,-1.99951,-29008.1,-0.0996732,-0.615148,21.2,21.5,21.7,21.6,21.7,21.8,68.9785,436.531,1.93931,0.271611,0.3459
124,2015-07-09T19:37:06.000,1:37:07 PM,0.723014,6.66504,-1.99951,-29008.1,-0.0996732,-0.615336,21.2,21.6,21.7,21.6,21.7,21.8,68.9785,424.482,1.85121,0.271793,0.350661
125,2015-07-09T19:37:16.000,1:37:17 PM,0.725916,6.66504,-1.99951,-29008.1,-0.0996732,-0.615336,21.3,21.5,21.7,21.6,21.7,21.8,68.9785,411.471,1.85121,0.272644,0.352278
126,2015-07-09T19:37:26.000,1:37:27 PM,0.728678,7.58813,-1.07642,-29008.1,-0.0996732,-0.615336,21.3,21.5,21.7,21.6,21.6,21.8,68.9785,396.77,1.93931,0.272827,0.352949
127,2015-07-09T19:37:36.000,1:37:37 PM,0.73132,7.58813,-1.99951,-29008.1,-0.0996732,-0.615336,21.2,21.5,21.6,21.6,21.6,21.8,68.9785,392.289,1.93931,0.266198,0.351027
128,2015-07-09T19:37:47.000,1:37:47 PM,0.734209,7.58813,-1.99951,-29008.1,-0.0996732,-0.615336,21.2,21.5,21.6,21.6,21.6,21.8,68.9785,392.289,1.93931,0.264404,0.349715
129,2015-07-09T19:37:57.000,1:37:57 PM,0.73693,7.58813,-1.99951,-29008.1,-0.0996732,-0.615336,21.3,21.5,21.6,21.6,21.6,21.8,68.9785,389.203,1.93931,0.267901,0.352461
130,2015-07-09T19:38:06.000,1:38:06 PM,0.739597,7.58813,-1.99951,-29008.1,-0.0996732,-0.615148,21.2,21.5,21.7,21.6,21.6,21.8,68.9785,381.325,1.85121,0.272067,0.353315
131,2015-07-09T19:38:16.000,1:38:16 PM,0.742489,8.51123,-1.99951,-29008.1,-0.0996732,-0.61477,21.2,21.6,21.6,21.6,21.6,21.8,68.9785,368.981,1.85121,0.27304,0.353895
132,2015-07-09T19:38:26.000,1:38:27 PM,0.745215,8.51123,-1.99951,-29008.1,-0.0996732,-0.614393,21.3,21.5,21.7,21.6,21.6,21.8,68.9785,356.126,1.93931,0.27304,0.354353
133,2015-07-09T19:38:36.000,1:38:37 PM,0.748089,9.43457,-1.99951,-29008.1,-0.0996732,-0.614204,21.3,21.5,21.7,21.6,21.7,21.8,68.9785,339.75,1.93931,0.272827,0.355329
134,2015-07-09T19:38:46.000,1:38:47 PM,0.750664,10.6655,-1.99951,-29008.1,-0.0996732,-0.614015,21.3,21.5,21.6,21.6,21.6,21.8,68.9785,323.049,1.85121,0.274256,0.355879
135,2015-07-09T19:38:57.000,1:38:57 PM,0.753385,10.6655,-1.07642,-29008.1,-0.0996732,-0.614204,21.2,21.4,21.7,21.6,21.7,21.8,68.9785,306.363,1.85121,0.273131,0.356184
136,2015-07-09T19:39:07.000,1:39:07 PM,0.756307,11.5886,-1.07642,-29008.1,-0.0996732,-0.614581,21.3,21.6,21.7,21.6,21.7,21.8,68.9785,289.646,1.85121,0.273405,0.356367
137,2015-07-09T19:39:17.000,1:39:17 PM,0.758936,11.5886,-1.99951,-29008.1,-0.0996732,-0.614959,21.3,21.5,21.7,21.6,21.6,21.8,68.9785,271.425,1.85121,0.273405,0.35655
138,2015-07-09T19:39:26.000,1:39:26 PM,0.761834,12.5117,-1.99951,-29008.1,-0.0996732,-0.615148,21.3,21.6,21.7,21.6,21.6,21.8,68.9785,256.259,1.85121,0.273587,0.356733
139,2015-07-09T19:39:36.000,1:39:37 PM,0.764606,13.4351,-1.99951,-29008.1,-0.0996732,-0.615148,21.3,21.5,21.7,21.6,21.6,21.8,68.9785,239.589,1.85121,0.2738,0.356825
140,2015-07-09T19:39:46.000,1:39:47 PM,0.767235,14.3582,-1.99951,-29008.1,-0.0996732,-0.615148,21.2,21.6,21.7,21.6,21.6,21.8,68.9785,221.399,1.93931,0.273405,0.356947
141,2015-07-09T19:39:56.000,1:39:57 PM,0.770116,14.3582,-1.99951,-29008.1,-0.0996732,-0.61477,21.2,21.5,21.6,21.6,21.6,21.8,68.9785,204.651,1.93931,0.273709,0.357038
142,2015-07-09T19:40:07.000,1:40:07 PM,0.772821,15.2813,-1.99951,-29008.1,-0.0996732,-0.614204,21.2,21.6,21.6,21.6,21.6,21.8,68.9785,187.98,1.85121,0.273709,0.35713
143,2015-07-09T19:40:17.000,1:40:17 PM,0.775513,15.2813,-1.99951,-29008.1,-0.0996732,-0.614015,21.3,21.6,21.6,21.6,21.6,21.8,68.9785,171.264,1.85121,0.273891,0.357313
144,2015-07-09T19:40:27.000,1:40:27 PM,0.778438,16.2046,-1.07642,-29008.1,-0.0996732,-0.614015,21.3,21.6,21.6,21.6,21.7,21.9,68.9785,154.578,1.85121,0.2738,0.357313
145,2015-07-09T19:40:37.000,1:40:37 PM,0.781166,17.1277,-1.99951,-29008.1,-0.0996732,-0.614393,21.4,21.6,21.6,21.6,21.7,21.8,68.9785,137.908,1.85121,0.273982,0.357496
146,2015-07-09T19:40:46.000,1:40:47 PM,0.783944,17.1277,-1.99951,-29008.1,-0.0996732,-0.614959,21.3,21.6,21.7,21.6,21.7,21.8,68.9785,121.191,1.85121,0.273982,0.357496
147,2015-07-09T19:40:56.000,1:40:57 PM,0.786616,18.3586,-1.99951,-29008.1,-0.0996732,-0.615148,21.3,21.6,21.7,21.6,21.7,21.9,68.9785,104.52,1.93931,0.274074,0.357588
148,2015-07-09T19:41:06.000,1:41:07 PM,0.789489,18.3586,-1.99951,-29008.1,-0.0996732,-0.615336,21.3,21.5,21.7,21.6,21.7,21.9,68.9902,87.8346,1.85121,0.274256,0.357679
149,2015-07-09T19:41:16.000,1:41:17 PM,0.792242,19.2817,-1.99951,-29008.1,-0.0996732,-0.615148,21.3,21.6,21.6,21.6,21.7,21.8,68.9785,71.1642,1.85121,0.274438,0.357679
150,2015-07-09T19:41:27.000,1:41:27 PM,0.79492,20.2051,-1.99951,-29008.1,-0.0996732,-0.615336,21.3,21.6,21.7,21.6,21.7,21.8,68.9785,52.9122,1.85121,0.274347,0.357801
151,2015-07-09T19:41:37.000,1:41:37 PM,0.797832,20.2051,-1.99951,-29008.1,-0.0996732,-0.615336,21.4,21.5,21.6,21.6,21.7,21.8,68.9785,37.7771,1.93931,0.273982,0.357893
152,2015-07-09T19:41:47.000,1:41:47 PM,0.800479,20.2051,-1.99951,-29008.1,-0.0996732,-0.615148,21.3,21.5,21.6,21.6,21.7,21.8,68.9785,19.5561,1.85121,0.274074,0.357893
153,2015-07-09T19:41:57.000,1:41:58 PM,0.803184,21.1282,-1.99951,-29008.1,-0.0996732,-0.614581,21.4,21.5,21.6,21.6,21.7,21.8,68.9785,2.83923,1.85121,0.274165,0.357893
154,2015-07-09T19:42:06.000,1:42:07 PM,0.806065,20.2051,-1.99951,-29008.1,-0.0996732,-0.614393,21.4,21.5,21.7,21.6,21.7,21.8,68.9785,-0.355255,1.85121,0.267049,0.356367
155,2015-07-09T19:42:16.000,1:42:17 PM,0.808811,19.2817,-1.99951,-29008.1,-0.0996732,-0.614204,21.4,21.5,21.7,21.6,21.7,21.8,68.9785,-0.355255,1.93931,0.266016,0.356062
156,2015-07-09T19:42:26.000,1:42:27 PM,0.811732,18.3586,-1.99951,-29008.1,-0.0996732,-0.614015,21.4,21.5,21.6,21.7,21.7,21.8,68.9785,-0.355255,1.85121,0.265742,0.35597
157,2015-07-09T19:42:37.000,1:42:37 PM,0.814366,17.1277,-1.99951,-29008.1,-0.0996732,-0.614015,21.4,21.5,21.7,21.6,21.7,21.8,68.9785,-0.355255,1.85121,0.26562,0.35597
158,2015-07-09T19:42:47.000,1:42:47 PM,0.817084,17.1277,-1.99951,-29008.1,-0.0996732,-0.614015,21.5,21.5,21.6,21.6,21.8,21.8,68.9785,-0.355255,1.93931,0.265438,0.355879
159,2015-07-09T19:42:57.000,1:42:57 PM,0.820008,16.2046,-1.99951,-29008.1,-0.0996732,-0.614393,21.4,21.5,21.7,21.6,21.8,21.8,68.9785,-0.355255,1.93931,0.265347,0.355879
160,2015-07-09T19:43:07.000,1:43:07 PM,0.822683,16.2046,-1.99951,-29008.1,-0.0996732,-0.614581,21.3,21.5,21.6,21.6,21.8,21.8,68.9785,-0.355255,1.93931,0.265164,0.355879
161,2015-07-09T19:43:17.000,1:43:18 PM,0.825391,15.2813,-1.99951,-29008.1,-0.0996732,-0.614959,21.3,21.4,21.6,21.6,21.8,21.8,68.9785,-0.355255,1.85121,0.265164,0.355787
162,2015-07-09T19:43:26.000,1:43:27 PM,0.828295,15.2813,-1.99951,-29008.1,-0.0996732,-0.615148,21.3,21.5,21.7,21.6,21.7,21.8,68.9785,-0.355255,1.93931,0.265073,0.355696
163,2015-07-09T19:43:36.000,1:43:37 PM,0.830946,14.3582,-1.99951,-29008.1,-0.0996732,-0.615148,21.4,21.5,21.7,21.6,21.7,21.8,68.9785,-0.355255,1.85121,0.264982,0.355787
164,2015-07-09T19:43:47.000,1:43:47 PM,0.833837,14.3582,-1.99951,-29008.1,-0.0996732,-0.615148,21.3,21.5,21.6,21.6,21.7,21.8,68.9785,-0.355255,1.85121,0.264891,0.355787
165,2015-07-09T19:43:57.000,1:43:57 PM,0.836563,13.4351,-1.99951,-29008.1,-0.0996732,-0.61477,21.3,21.5,21.7,21.6,21.7,21.9,68.9785,-0.355255,1.93931,0.264769,0.355604
166,2015-07-09T19:44:07.000,1:44:07 PM,0.839198,13.4351,-1.99951,-29008.1,-0.0996732,-0.614393,21.3,21.5,21.7,21.6,21.7,21.8,68.9785,-0.355255,1.93931,0.264678,0.355696
167,2015-07-09T19:44:17.000,1:44:17 PM,0.842133,13.4351,-1.99951,-29008.1,-0.0996732,-0.614015,21.4,21.5,21.7,21.6,21.7,21.8,68.9785,-0.355255,1.85121,0.264678,0.355696
168,2015-07-09T19:44:27.000,1:44:28 PM,0.844872,13.4351,-1.99951,-29008.1,-0.0996732,-0.614015,21.3,21.5,21.7,21.6,21.7,21.8,68.9785,-0.355255,1.85121,0.264678,0.355696
169,2015-07-09T19:44:36.000,1:44:37 PM,0.847526,12.5117,-1.99951,-29008.1,-0.0996732,-0.614204,21.4,21.6,21.6,21.6,21.7,21.8,68.9785,-0.355255,1.93931,0.264769,0.355696
170,2015-07-09T19:44:46.000,1:44:47 PM,0.850382,12.5117,-1.99951,-29008.1,-0.0996732,-0.614393,21.4,21.6,21.7,21.6,21.6,21.8,68.9785,-0.355255,1.85121,0.264678,0.355604
171,2015-07-09T19:44:57.000,1:44:57 PM,0.853261,12.5117,-1.07642,-29008.1,-0.0996732,-0.614393,21.3,21.5,21.7,21.6,21.6,21.8,68.9785,-0.355255,1.93931,0.264678,0.355604
172,2015-07-09T19:45:07.000,1:45:07 PM,0.855964,12.5117,-1.99951,-29008.1,-0.0996732,-0.614959,21.3,21.6,21.7,21.6,21.6,21.8,68.9785,-0.355255,1.85121,0.264678,0.355604
173,2015-07-09T19:45:17.000,1:45:17 PM,0.858654,12.5117,-1.07642,-29008.1,-0.0996732,-0.615336,21.3,21.6,21.7,21.6,21.6,21.9,68.9785,-0.355255,1.93931,0.264678,0.355604
174,2015-07-09T19:45:27.000,1:45:27 PM,0.861574,11.5886,-1.99951,-29008.1,-0.0996732,-0.614959,21.5,21.6,21.7,21.7,21.6,21.9,68.9785,-0.355255,1.93931,0.264495,0.355512
175,2015-07-09T19:45:37.000,1:45:38 PM,0.864284,11.5886,-1.07642,-29008.1,-0.0996732,-0.614204,21.3,21.5,21.7,21.6,21.6,21.8,68.9785,-0.355255,1.93931,0.264495,0.355512
176,2015-07-09T19:45:47.000,1:45:48 PM,0.866922,11.5886,-1.99951,-29008.1,-0.0996732,-0.614015,21.4,21.5,21.7,21.6,21.6,21.8,68.9785,-0.355255,1.85121,0.264495,0.355512
177,2015-07-09T19:45:56.000,1:45:57 PM,0.869796,11.5886,-1.99951,-29008.1,-0.0996732,-0.614015,21.3,21.5,21.7,21.6,21.6,21.8,68.9785,-0.355255,1.93931,0.264495,0.355512
178,2015-07-09T19:46:06.000,1:46:07 PM,0.872676,11.5886,-1.99951,14163,-0.0996732,-0.614015,21.6,21.5,21.8,21.6,21.6,21.8,68.9902,-0.355255,1.93931,0.264495,0.355512
179,2015-07-09T19:46:17.000,1:46:17 PM,0.875416,11.5886,-1.99951,-29008.1,-0.0996732,-0.614581,21.5,21.6,21.8,21.7,21.6,21.8,68.9785,-0.355255,1.85121,0.263461,0.355207
180,2015-07-09T19:46:27.000,1:46:27 PM,0.878068,11.5886,-1.07642,-29008.1,-0.0996732,-0.615148,21.4,21.6,21.8,21.6,21.6,21.9,68.9785,-0.355255,1.93931,0.262792,0.355116
181,2015-07-09T19:46:37.000,1:46:37 PM,0.880995,10.6655,-1.99951,-29008.1,-0.0996732,-0.615336,21.6,21.6,21.8,21.6,21.6,21.8,68.9785,-0.355255,1.93931,0.262519,0.355116
182,2015-07-09T19:46:47.000,1:46:48 PM,0.883661,10.6655,-1.99951,-29008.1,-0.0996732,-0.615336,21.8,21.6,21.8,21.6,21.7,21.8,68.9785,-0.355255,1.85121,0.262519,0.355207
183,2015-07-09T19:46:57.000,1:46:58 PM,0.886348,10.6655,-1.99951,-29008.1,-0.0996732,-0.615148,21.7,21.6,21.8,21.6,21.7,21.9,68.9785,-0.355255,1.93931,0.262306,0.355329
184,2015-07-09T19:47:07.000,1:47:08 PM,0.8893,10.6655,-1.99951,-29008.1,-0.0996732,-0.614959,21.8,21.6,21.8,21.6,21.6,21.9,68.9785,-0.355255,1.93931,0.262032,0.355207
185,2015-07-09T19:47:16.000,1:47:17 PM,0.892031,10.6655,-1.99951,-29008.1,-0.0996732,-0.614959,21.6,21.6,21.8,21.6,21.7,21.8,68.9785,-0.355255,1.93931,0.261941,0.355207
186,2015-07-09T19:47:27.000,1:47:27 PM,0.894709,10.6655,-1.99951,-29008.1,-0.0996732,-0.614393,21.5,21.6,21.8,21.6,21.7,21.9,68.9785,-0.355255,1.85121,0.264678,0.516696
187,2015-07-09T19:47:37.000,1:47:37 PM,0.897569,10.6655,-1.99951,-29008.1,-0.0996732,-0.614204,21.5,21.6,21.8,21.6,21.7,21.9,68.9668,-0.355255,1.93931,0.491029,0.516696
188,2015-07-09T19:47:47.000,1:47:47 PM,0.900268,10.6655,-1.99951,-29008.1,-0.0996732,-0.614015,21.6,21.6,21.8,21.6,21.6,21.9,68.9785,-0.355255,1.93931,0.495651,0.516696
189,2015-07-09T19:47:57.000,1:47:58 PM,0.903159,9.43457,-1.99951,-29008.1,-0.0996732,-0.613764,21.8,21.6,21.8,21.6,21.7,21.8,68.9785,-0.355255,1.93931,0.495955,0.516696
190,2015-07-09T19:48:07.000,1:48:08 PM,0.905846,9.43457,-1.99951,-29008.1,-0.0996732,-0.614015,21.6,21.7,21.8,21.6,21.7,21.9,68.9785,-0.355255,1.93931,0.496229,0.516696
191,2015-07-09T19:48:17.000,1:48:18 PM,0.908579,8.51123,-1.99951,-29008.1,-0.0996732,-0.614581,21.6,21.6,21.8,21.6,21.7,21.9,68.9785,-0.355255,1.85121,0.49632,0.516696
192,2015-07-09T19:48:27.000,1:48:28 PM,0.911468,7.58813,-1.99951,-29008.1,-0.0996732,-0.615148,21.5,21.6,21.8,21.6,21.7,21.8,68.9785,3.45953,1.85121,0.49632,0.516696
193,2015-07-09T19:48:37.000,1:48:37 PM,0.914154,7.58813,-1.99951,-29008.1,-0.0996732,-0.615148,21.5,21.6,21.8,21.6,21.6,21.8,68.9785,9.67795,1.93931,0.496229,0.516696
194,2015-07-09T19:48:47.000,1:48:47 PM,0.917013,7.58813,-1.99951,-29008.1,-0.0996732,-0.614959,21.8,21.6,21.8,21.6,21.7,21.8,68.9785,9.67795,1.85121,0.496229,0.516696
195,2015-07-09T19:48:57.000,1:48:57 PM,0.919776,6.66504,-1.99951,-29008.1,-0.0996732,-0.614393,21.6,21.6,21.8,21.6,21.6,21.8,68.9668,9.67795,1.93931,0.496229,0.516696
196,2015-07-09T19:49:07.000,1:49:07 PM,0.922436,6.66504,-1.99951,-29008.1,-0.0996732,-0.614015,21.8,21.6,21.8,21.6,21.7,21.9,68.9785,9.67795,1.85121,0.496229,0.516696
197,2015-07-09T19:49:17.000,1:49:18 PM,0.925338,6.66504,-1.99951,-29008.1,-0.0996732,-0.614015,21.6,21.7,21.8,21.6,21.7,21.9,68.9785,9.67795,1.93931,0.49708,0.516696
198,2015-07-09T19:49:27.000,1:49:28 PM,0.928038,6.66504,-1.99951,-29008.1,-0.0996732,-0.613764,21.7,21.6,21.8,21.6,21.7,21.9,68.9668,9.67795,1.93931,0.518274,0.516696
199,2015-07-09T19:49:37.000,1:49:38 PM,0.930747,7.58813,-1.99951,-29008.1,-0.0996732,-0.614015,21.6,21.6,21.8,21.6,21.7,21.9,68.9785,11.6784,1.85121,0.518274,0.516696
200,2015-07-09T19:49:47.000,1:49:47 PM,0.933607,10.6655,-1.99951,-29008.1,-0.0996732,-0.614204,21.6,21.6,21.8,21.6,21.7,22.1,68.9785,21.8356,1.85121,0.518274,0.516696
201,2015-07-09T19:49:57.000,1:49:57 PM,0.936338,13.4351,-1.99951,-29008.1,-0.0996732,-0.614581,21.7,21.6,21.8,21.6,21.7,22.2,68.9668,37.9322,1.93931,0.518274,0.516696
202,2015-07-09T19:50:07.000,1:50:07 PM,0.939227,17.1277,-1.99951,-29008.1,-0.0996732,-0.61477,21.8,21.6,21.8,21.6,21.7,22.2,68.9785,54.649,1.93931,0.518274,0.516696
203,2015-07-09T19:50:17.000,1:50:17 PM,0.941949,18.3586,-2.92285,-29008.1,-0.0996732,-0.615148,21.5,21.7,21.8,21.6,21.7,22.1,68.9668,68.497,1.85121,0.518274,0.516696
204,2015-07-09T19:50:27.000,1:50:28 PM,0.944694,17.1277,-1.99951,-29008.1,-0.0996732,-0.615148,21.5,21.7,21.8,21.6,21.7,22.1,68.9668,74.4518,1.85121,0.518274,0.516696
205,2015-07-09T19:50:37.000,1:50:38 PM,0.947374,16.2046,-1.99951,-29008.1,-0.0996732,-0.61477,21.6,21.6,21.8,21.6,21.7,22.1,68.9668,76.2971,1.93931,0.518274,0.516696
206,2015-07-09T19:50:47.000,1:50:48 PM,0.95019,15.2813,-1.99951,-29008.1,-0.0996732,-0.614204,21.7,21.7,21.8,21.6,21.7,22.1,68.9785,75.9095,1.85121,0.518274,0.516696
207,2015-07-09T19:50:57.000,1:50:58 PM,0.952921,15.2813,-1.99951,-29008.1,-0.0996732,-0.614015,21.7,21.6,21.8,21.7,21.7,22.1,68.9668,76.0645,1.85121,0.518274,0.516696
208,2015-07-09T19:51:07.000,1:51:07 PM,0.955794,16.2046,-1.99951,-29008.1,-0.0996732,-0.614393,21.5,21.8,21.8,21.6,21.7,22.1,68.9668,79.1505,1.93931,0.518274,0.516696
209,2015-07-09T19:51:17.000,1:51:17 PM,0.958451,17.1277,-1.99951,-29008.1,-0.0996732,-0.61477,21.5,21.7,21.8,21.6,21.7,22.2,68.9785,86.8421,1.93931,0.518274,0.516696
210,2015-07-09T19:51:27.000,1:51:27 PM,0.961317,19.2817,-1.99951,-29008.1,-0.0996732,-0.615148,21.6,21.6,21.8,21.6,21.7,22.2,68.9785,96.0689,1.85121,0.518274,0.516696
211,2015-07-09T19:51:37.000,1:51:38 PM,0.964075,21.1282,-2.92285,-29008.1,-0.0996732,-0.615148,21.7,21.6,21.8,21.6,21.7,22.2,68.9785,108.459,1.85121,0.518274,0.516696
212,2015-07-09T19:51:47.000,1:51:48 PM,0.96672,22.9746,-1.99951,-29008.1,-0.0996732,-0.614581,21.6,21.6,21.8,21.6,21.7,22.2,68.9668,124.168,1.93931,0.518274,0.516696
213,2015-07-09T19:51:57.000,1:51:58 PM,0.969566,25.7441,-2.92285,-29008.1,-0.0996732,-0.614015,21.8,21.6,21.8,21.7,21.7,22.3,68.9785,138.683,1.93931,0.518274,0.516696
214,2015-07-09T19:52:07.000,1:52:08 PM,0.972311,27.8982,-1.99951,-29008.1,-0.0996732,-0.614015,21.7,21.6,21.8,21.7,21.7,22.3,68.9785,156.904,1.85121,0.518274,0.516696
215,2015-07-09T19:52:18.000,1:52:18 PM,0.975228,30.6677,-1.99951,-29008.1,-0.0996732,-0.614393,21.7,21.6,21.8,21.6,21.7,22.4,68.9785,173.574,1.85121,0.518274,0.516696
216,2015-07-09T19:52:27.000,1:52:27 PM,0.977894,30.6677,-1.99951,-29008.1,-0.0996732,-0.615148,21.6,21.6,21.8,21.6,21.7,22.4,68.9785,188.554,1.85121,0.518274,0.516696
217,2015-07-09T19:52:37.000,1:52:37 PM,0.980632,29.7444,-1.99951,-29008.1,-0.0996732,-0.615148,21.6,21.7,21.8,21.6,21.7,22.4,68.9785,200.603,1.85121,0.518274,0.516696
218,2015-07-09T19:52:47.000,1:52:48 PM,0.983496,26.9749,-1.99951,-29008.1,-0.0996732,-0.614959,21.6,21.6,21.8,21.6,21.7,22.4,68.9785,206.077,1.85121,0.518274,0.516696
219,2015-07-09T19:52:57.000,1:52:58 PM,0.986136,23.8977,-1.99951,-29008.1,-0.0996732,-0.614204,21.5,21.6,21.8,21.6,21.7,22.4,68.9785,208.171,1.93931,0.518274,0.516696
220,2015-07-09T19:53:07.000,1:53:08 PM,0.989042,21.1282,-2.92285,-29008.1,-0.0996732,-0.614204,21.6,21.6,21.8,21.6,21.7,22.3,68.9785,208.667,1.93931,0.518274,0.516696
221,2015-07-09T19:53:17.000,1:53:18 PM,0.991726,19.2817,-1.99951,-29008.1,-0.0996732,-0.614959,21.5,21.6,21.8,21.6,21.7,22.3,68.9668,208.202,1.85121,0.518274,0.516696
222,2015-07-09T19:53:28.000,1:53:28 PM,0.994436,18.3586,-1.99951,-29008.1,-0.0996732,-0.615148,21.6,21.6,21.8,21.6,21.7,22.3,68.9785,208.202,1.93931,0.518274,0.516696
223,2015-07-09T19:53:38.000,1:53:38 PM,0.997353,18.3586,-1.99951,-29008.1,-0.0996732,-0.614204,21.6,21.7,21.8,21.6,21.7,22.3,68.9785,209.83,1.93931,0.518274,0.516696
224,2015-07-09T19:53:47.000,1:53:47 PM,1,20.2051,-2.92285,-29008.1,-0.0996732,-0.614015,21.6,21.7,21.8,21.6,21.7,22.3,68.9785,215.723,1.93931,0.518274,0.516696
225,2015-07-09T19:53:57.000,1:53:57 PM,1.00267,22.0513,-1.99951,-29008.1,-0.0996732,-0.614959,21.6,21.7,21.8,21.6,21.7,22.3,68.9668,224.19,1.93931,0.518274,0.516696
226,2015-07-09T19:54:07.000,1:54:08 PM,1.0056,23.8977,-1.99951,-29008.1,-0.0996732,-0.615148,21.5,21.7,21.8,21.6,21.7,22.4,68.9785,236.844,1.93931,0.518274,0.516696
227,2015-07-09T19:54:17.000,1:54:18 PM,1.00835,26.9749,-1.99951,-29008.1,-0.0996732,-0.614959,21.5,21.7,21.8,21.6,21.7,22.4,68.9785,253.979,1.85121,0.518274,0.516696
228,2015-07-09T19:54:27.000,1:54:28 PM,1.01107,29.7444,-1.99951,-29008.1,-0.0996732,-0.614393,21.6,21.6,21.8,21.6,21.7,22.4,68.9785,270.665,1.85121,0.518274,0.516696
229,2015-07-09T19:54:38.000,1:54:38 PM,1.01397,31.5908,-1.99951,-29008.1,-0.0996732,-0.614015,21.8,21.6,21.8,21.7,21.7,22.4,68.9785,286.793,1.93931,0.518274,0.516696
230,2015-07-09T19:54:48.000,1:54:48 PM,1.03333,29.7444,-1.99951,-29008.1,-0.0996732,-0.614581,21.6,21.6,21.8,21.7,21.7,22.4,68.9785,297.834,1.85121,0.518274,0.516696
231,2015-07-09T19:54:57.000,1:54:57 PM,1.01951,27.8982,-1.99951,-29008.1,-0.0996732,-0.615336,21.6,21.6,21.8,21.6,21.7,22.3,68.9785,304.363,1.85121,0.518274,0.516696
232,2015-07-09T19:55:07.000,1:55:07 PM,1.02215,24.8208,-1.99951,-29008.1,-0.0996732,-0.615148,21.8,21.7,21.8,21.6,21.7,22.3,68.9785,308.41,1.85121,0.518274,0.516696
233,2015-07-09T19:55:17.000,1:55:18 PM,1.02509,22.9746,-1.99951,-29008.1,-0.0996732,-0.614581,21.8,21.7,21.8,21.6,21.7,22.3,68.9668,312.767,1.85121,0.518274,0.516696
234,2015-07-09T19:55:27.000,1:55:28 PM,1.02782,22.0513,-1.99951,-29008.1,-0.0996732,-0.614015,21.7,21.6,21.8,21.6,21.7,22.3,68.9668,316.21,1.85121,0.518274,0.516696
235,2015-07-09T19:55:37.000,1:55:38 PM,1.03048,20.2051,-2.92285,-29008.1,-0.0996732,-0.614204,21.6,21.7,21.8,21.6,21.7,22.3,68.9785,319.839,1.85121,0.518274,0.516696
236,2015-07-09T19:55:48.000,1:55:48 PM,1.03336,19.2817,-1.99951,-29008.1,-0.0996732,-0.614959,21.6,21.7,21.8,21.6,21.7,22.3,68.9785,322.584,1.93931,0.518274,0.516696
237,2015-07-09T19:55:58.000,1:55:58 PM,1.03611,18.3586,-1.99951,-29008.1,-0.0996732,-0.615336,21.6,21.7,21.8,21.6,21.7,22.3,68.9785,325.39,1.85121,0.518274,0.516696
238,2015-07-09T19:56:08.000,1:56:08 PM,1.03876,17.1277,-1.99951,-29008.1,-0.0996732,-0.614959,21.6,21.7,21.8,21.6,21.7,22.2,68.9785,328.337,1.93931,0.518274,0.516696
239,2015-07-09T19:56:17.000,1:56:17 PM,1.04172,17.1277,-1.99951,-29008.1,-0.0996732,-0.61477,21.6,21.7,21.8,21.6,21.7,22.2,68.9785,330.756,1.93931,0.518274,0.516696
240,2015-07-09T19:56:27.000,1:56:28 PM,1.04445,18.3586,-1.99951,-29008.1,-0.0996732,-0.614393,21.6,21.6,21.8,21.6,21.7,22.2,68.9668,334.695,1.93931,0.518274,0.516696
241,2015-07-09T19:56:37.000,1:56:38 PM,1.04714,19.2817,-1.99951,-29008.1,-0.0996732,-0.614204,21.6,21.7,21.8,21.6,21.7,22.3,68.9785,342.696,1.85121,0.518274,0.516696
242,2015-07-09T19:56:47.000,1:56:48 PM,1.06667,22.9746,-1.99951,-29008.1,-0.0996732,-0.614204,21.5,21.6,21.8,21.6,21.7,22.2,68.9785,355.692,1.85121,0.518274,0.516696
243,2015-07-09T19:56:57.000,1:56:58 PM,1.05264,25.7441,-1.99951,-29008.1,-0.0996732,-0.614204,21.7,21.6,21.9,21.6,21.7,22.2,68.9785,373.649,1.85121,0.518274,0.516696
244,2015-07-09T19:57:08.000,1:57:08 PM,1.05539,26.9749,-1.99951,-29008.1,-0.0996732,-0.614204,21.6,21.6,21.9,21.6,21.7,22.1,68.9785,388.738,1.85121,0.518274,0.516696
245,2015-07-09T19:57:18.000,1:57:18 PM,1.05825,25.7441,-1.99951,-29008.1,-0.0996732,-0.614204,21.6,21.7,21.9,21.6,21.7,22.1,68.9785,399.127,1.85121,0.518274,0.516696
246,2015-07-09T19:57:28.000,1:57:28 PM,1.061,24.8208,-1.99951,-29008.1,-0.0996732,-0.614204,21.5,21.6,21.8,21.6,21.6,22.1,68.9785,405.299,1.85121,0.518274,0.516696
247,2015-07-09T19:57:37.000,1:57:38 PM,1.06371,22.9746,-1.99951,-29008.1,-0.0996732,-0.614015,21.6,21.6,21.9,21.6,21.7,22.1,68.9785,409.781,1.85121,0.518274,0.516696
248,2015-07-09T19:57:47.000,1:57:48 PM,1.06665,21.1282,-1.99951,-29008.1,-0.0996732,-0.614015,21.5,21.6,21.9,21.6,21.6,22.1,68.9785,411.781,1.85121,0.518274,0.516696
249,2015-07-09T19:57:57.000,1:57:58 PM,1.06928,19.2817,-1.99951,-29008.1,-0.0996732,-0.614204,21.6,21.6,21.8,21.6,21.6,22.1,68.9785,412.526,1.85121,0.518274,0.516696
250,2015-07-09T19:58:07.000,1:58:08 PM,1.07203,17.1277,-1.99951,-29008.1,-0.0996732,-0.614581,21.5,21.6,21.9,21.6,21.6,22.1,68.9785,412.293,1.85121,0.518274,0.516696
251,2015-07-09T19:58:18.000,1:58:18 PM,1.0749,16.2046,-1.99951,-29008.1,-0.0996732,-0.614959,21.6,21.6,21.9,21.6,21.6,22.1,68.9668,411.905,1.85121,0.518274,0.516696
252,2015-07-09T19:58:28.000,1:58:28 PM,1.07761,15.2813,-1.99951,-29008.1,-0.0996732,-0.615148,21.6,21.6,21.9,21.7,21.6,22.1,68.9785,411.518,1.93931,0.518274,0.516696
253,2015-07-09T19:58:38.000,1:58:38 PM,1.0803,14.3582,-1.99951,-29008.1,-0.0996732,-0.615148,21.7,21.6,21.8,21.6,21.6,22.1,68.9785,410.51,1.93931,0.518274,0.516696
254,2015-07-09T19:58:48.000,1:58:48 PM,1.08319,13.4351,-1.99951,-29008.1,-0.0996732,-0.615336,21.6,21.7,21.8,21.6,21.6,22.1,68.9785,409.161,1.93931,0.518274,0.516696
255,2015-07-09T19:58:57.000,1:58:58 PM,1.08582,12.5117,-1.99951,-29008.1,-0.0996732,-0.615336,21.5,21.7,21.9,21.6,21.7,22,68.9668,408.432,1.93931,0.518274,0.516696
256,2015-07-09T19:59:07.000,1:59:08 PM,1.08871,13.4351,-1.99951,-29008.1,-0.0996732,-0.615148,21.5,21.7,21.8,21.6,21.6,22.1,68.9785,410.277,1.93931,0.518274,0.516696
257,2015-07-09T19:59:17.000,1:59:18 PM,1.09142,14.3582,-1.99951,-29008.1,-0.0996732,-0.615148,21.6,21.6,21.8,21.6,21.6,22.1,68.9785,414.759,1.93931,0.518274,0.516696
258,2015-07-09T19:59:28.000,1:59:28 PM,1.09429,16.2046,-1.99951,-29008.1,-0.0996732,-0.615148,21.6,21.6,21.8,21.6,21.6,22.1,68.9785,424.063,1.85121,0.518274,0.516696
259,2015-07-09T19:59:38.000,1:59:38 PM,1.09702,17.1277,-1.99951,-29008.1,-0.0996732,-0.615148,21.6,21.6,21.8,21.7,21.6,22.1,68.9668,436.035,1.85121,0.518274,0.516696
260,2015-07-09T19:59:48.000,1:59:48 PM,1.09968,19.2817,-1.99951,-29008.1,-0.0996732,-0.615148,21.5,21.5,21.8,21.6,21.6,22.1,68.9785,449.309,1.85121,0.518274,0.516696
261,2015-07-09T19:59:58.000,1:59:58 PM,1.10252,20.2051,-1.99951,-29008.1,-0.0996732,-0.615148,21.5,21.6,21.8,21.6,21.7,22.1,68.9785,461.544,1.85121,0.518274,0.516696
262,2015-07-09T20:00:08.000,2:00:09 PM,1.10526,20.2051,-1.99951,-29008.1,-0.0996732,-0.615148,21.5,21.6,21.8,21.6,21.6,22.1,68.9785,470.849,1.85121,0.518274,0.516696
263,2015-07-09T20:00:17.000,2:00:18 PM,1.10793,19.2817,-1.99951,-29008.1,-0.0996732,-0.615148,21.6,21.6,21.9,21.6,21.6,22.1,68.9785,475.935,1.85121,0.518274,0.516696
264,2015-07-09T20:00:27.000,2:00:28 PM,1.11084,18.3586,-1.99951,-29008.1,-0.0996732,-0.615148,21.6,21.6,21.8,21.6,21.7,22.1,68.9785,479.843,1.93931,0.518274,0.516696
265,2015-07-09T20:00:38.000,2:00:38 PM,1.11359,18.3586,-1.99951,-29008.1,-0.0996732,-0.615148,21.6,21.6,21.8,21.6,21.7,22.1,68.9785,484.355,1.93931,0.518274,0.516696
266,2015-07-09T20:00:48.000,2:00:48 PM,1.11646,18.3586,-1.99951,-29008.1,-0.0996732,-0.615148,21.7,21.6,21.8,21.6,21.7,22.1,68.9785,488.682,1.85121,0.518274,0.516696
267,2015-07-09T20:00:58.000,2:00:58 PM,1.11913,19.2817,-1.99951,-29008.1,-0.0996732,-0.615148,21.6,21.6,21.8,21.6,21.6,22.1,68.9785,494.311,1.93931,0.518274,0.516696
268,2015-07-09T20:01:08.000,2:01:08 PM,1.122,18.3586,-1.99951,-29008.1,-0.0996732,-0.61477,21.6,21.6,21.8,21.7,21.6,22.1,68.9785,501.723,1.85121,0.518274,0.516696
269,2015-07-09T20:01:18.000,2:01:19 PM,1.12471,19.2817,-1.99951,-29008.1,-0.0996732,-0.61477,21.6,21.5,21.8,21.6,21.6,22.1,68.9785,507.213,1.85121,0.518274,0.516696
270,2015-07-09T20:01:27.000,2:01:28 PM,1.12736,19.2817,-1.99951,-29008.1,-0.0996732,-0.614393,21.6,21.6,21.8,21.6,21.6,22.1,68.9785,507.213,1.85121,0.518274,0.516696
271,2015-07-09T20:01:37.000,2:01:38 PM,1.13027,19.2817,-1.99951,-29008.1,-0.0996732,-0.614204,21.6,21.7,21.8,21.7,21.7,22.1,68.9785,507.213,1.93931,0.518274,0.516696
272,2015-07-09T20:01:47.000,2:01:48 PM,1.13297,18.3586,-1.99951,-29008.1,-0.0996732,-0.614015,21.6,21.6,21.8,21.7,21.6,22.1,68.9668,507.213,1.85121,0.518274,0.516696
273,2015-07-09T20:01:58.000,2:01:58 PM,1.13584,17.1277,-1.99951,-29008.1,-0.0996732,-0.614015,21.5,21.6,21.8,21.7,21.6,22.1,68.9785,507.213,1.93931,0.518274,0.516696
274,2015-07-09T20:02:08.000,2:02:08 PM,1.1385,16.2046,-1.99951,-29008.1,-0.0996732,-0.614204,21.5,21.6,21.8,21.7,21.6,22.1,68.9785,507.213,1.85121,0.518274,0.516696
275,2015-07-09T20:02:18.000,2:02:18 PM,1.14141,14.3582,-1.99951,-29008.1,-0.0996732,-0.614393,21.6,21.7,21.8,21.6,21.6,22.1,68.9785,507.213,1.93931,0.518274,0.516696
276,2015-07-09T20:02:28.000,2:02:29 PM,1.1441,13.4351,-1.99951,-29008.1,-0.0996732,-0.61477,21.6,21.6,21.8,21.6,21.6,22.1,68.9785,489.767,1.93931,0.518274,0.516696
277,2015-07-09T20:02:38.000,2:02:39 PM,1.14677,12.5117,-1.99951,-29008.1,-0.0996732,-0.614959,21.5,21.6,21.8,21.6,21.6,22.1,68.9785,464.832,1.93931,0.518274,0.516696
278,2015-07-09T20:02:47.000,2:02:48 PM,1.14969,11.5886,-1.99951,-29008.1,-0.0996732,-0.615148,21.5,21.7,21.8,21.6,21.6,22.1,68.9785,439.896,1.85121,0.518274,0.516696
279,2015-07-09T20:02:57.000,2:02:58 PM,1.15233,10.6655,-1.99951,-29008.1,-0.0996732,-0.615148,21.5,21.6,21.8,21.6,21.6,22.1,68.9785,414.991,1.85121,0.518274,0.516696
280,2015-07-09T20:03:08.000,2:03:08 PM,1.15523,9.43457,-1.99951,-29008.1,-0.0996732,-0.615148,21.4,21.6,21.8,21.6,21.7,22.1,68.9785,387.823,1.85121,0.518274,0.516696
281,2015-07-09T20:03:18.000,2:03:18 PM,1.15791,9.43457,-1.99951,-29008.1,-0.0996732,-0.614959,21.4,21.6,21.8,21.6,21.7,22.1,68.9785,365.198,1.85121,0.518274,0.516696
282,2015-07-09T20:03:28.000,2:03:28 PM,1.16065,8.51123,-2.92285,-29008.1,-0.0996732,-0.61477,21.4,21.6,21.8,21.6,21.6,22,68.9785,340.262,1.93931,0.518274,0.516696
283,2015-07-09T20:03:38.000,2:03:38 PM,1.16352,8.51123,-1.99951,-29008.1,-0.0996732,-0.614581,21.5,21.5,21.8,21.6,21.6,22,68.9785,313.078,1.93931,0.518274,0.516696
284,2015-07-09T20:03:48.000,2:03:49 PM,1.16621,7.58813,-2.92285,-29008.1,-0.0996732,-0.614393,21.5,21.6,21.8,21.6,21.7,22,68.9785,290.468,1.93931,0.518274,0.516696
285,2015-07-09T20:03:58.000,2:03:59 PM,1.16905,6.66504,-1.99951,-29008.1,-0.0996732,-0.614015,21.5,21.6,21.8,21.6,21.7,22,68.9785,263.33,1.93931,0.518274,0.516696
286,2015-07-09T20:04:07.000,2:04:08 PM,1.17175,6.66504,-1.99951,-29008.1,-0.0996732,-0.614015,21.5,21.6,21.8,21.6,21.7,22,68.9785,240.628,1.93931,0.518274,0.516696
287,2015-07-09T20:04:18.000,2:04:18 PM,1.17443,6.66504,-2.92285,-29008.1,-0.0996732,-0.614393,21.5,21.5,21.8,21.6,21.7,22,68.9668,213.49,1.85121,0.518274,0.516696
288,2015-07-09T20:04:28.000,2:04:28 PM,1.17733,7.58813,-1.99951,-29008.1,-0.0996732,-0.614959,21.4,21.5,21.8,21.6,21.7,22,68.9785,188.585,1.93931,0.518274,0.516696
289,2015-07-09T20:04:38.000,2:04:38 PM,1.18005,5.7417,-1.99951,-29008.1,-0.0996732,-0.615148,21.4,21.5,21.8,21.6,21.7,22,68.9785,163.696,1.93931,0.518274,0.516696
290,2015-07-09T20:04:48.000,2:04:48 PM,1.18291,5.7417,-1.99951,-29008.1,-0.0996732,-0.615148,21.2,21.6,21.8,21.6,21.7,22,68.9785,138.76,1.85121,0.518274,0.516696
291,2015-07-09T20:04:58.000,2:04:59 PM,1.18552,5.7417,-1.99951,-29008.1,-0.0996732,-0.615148,21.5,21.5,21.8,21.6,21.7,22,68.9785,113.825,1.85121,0.518274,0.516696
292,2015-07-09T20:05:08.000,2:05:09 PM,1.18826,4.8186,-1.99951,-29008.1,-0.0996732,-0.615148,21.5,21.5,21.8,21.6,21.7,22,68.9785,88.9201,1.93931,0.518274,0.516696
293,2015-07-09T20:05:18.000,2:05:19 PM,1.19117,4.8186,-1.99951,-29008.1,-0.0996732,-0.615148,21.5,21.6,21.8,21.6,21.6,21.9,68.9668,64.0619,1.93931,0.518274,0.516696
294,2015-07-09T20:05:28.000,2:05:28 PM,1.19383,4.8186,-1.99951,-29008.1,-0.0996732,-0.614959,21.3,21.6,21.8,21.6,21.6,21.9,68.9785,39.1263,1.93931,0.518274,0.516696
295,2015-07-09T20:05:38.000,2:05:38 PM,1.19673,4.8186,-1.99951,-29008.1,-0.0996732,-0.615148,21.3,21.6,21.8,21.6,21.6,21.9,68.9785,14.1906,1.85121,0.518274,0.516696
296,2015-07-09T20:05:48.000,2:05:48 PM,1.19947,4.8186,-1.99951,-29008.1,-0.0996732,-0.614959,21.5,21.6,21.8,21.6,21.6,21.9,68.9785,13.3842,1.85121,0.518274,0.516696
297,2015-07-09T20:05:58.000,2:05:58 PM,1.20208,4.8186,-1.99951,-29008.1,-0.0996732,-0.614581,21.6,21.5,21.8,21.6,21.6,21.9,68.9785,13.3842,1.93931,0.518274,0.516696
298,2015-07-09T20:06:08.000,2:06:09 PM,1.20496,3.89551,-1.99951,-29008.1,-0.0996732,-0.614204,21.6,21.6,21.8,21.6,21.6,21.9,68.9668,13.3842,1.85121,0.518274,0.516696
299,2015-07-09T20:06:18.000,2:06:19 PM,1.20768,3.89551,-1.99951,-29008.1,-0.0996732,-0.614015,21.5,21.6,21.8,21.6,21.6,21.9,68.9785,13.3842,1.85121,0.518274,0.516696
300,2015-07-09T20:06:28.000,2:06:29 PM,1.2106,3.89551,-1.99951,-29008.1,-0.0996732,-0.614204,21.6,21.6,21.8,21.6,21.6,21.9,68.9785,13.3842,1.85121,0.518274,0.516696
301,2015-07-09T20:06:37.000,2:06:38 PM,1.21326,3.89551,-1.99951,-29008.1,-0.0996732,-0.614393,21.6,21.6,21.8,21.6,21.7,21.9,68.9785,13.3842,1.85121,0.518274,0.516696
302,2015-07-09T20:06:48.000,2:06:48 PM,1.21598,3.89551,-1.99951,-29008.1,-0.0996732,-0.61477,21.3,21.6,21.8,21.6,21.6,21.9,68.9668,13.3842,1.85121,0.518274,0.516696
303,2015-07-09T20:06:58.000,2:06:58 PM,1.21883,3.89551,-1.99951,-29008.1,-0.0996732,-0.614959,21.5,21.6,21.8,21.6,21.6,21.9,68.9785,13.3842,1.85121,0.518274,0.516696
304,2015-07-09T20:07:08.000,2:07:08 PM,1.22147,2.97217,-1.99951,-29008.1,-0.0996732,-0.615148,21.5,21.6,21.8,21.6,21.6,21.9,68.9785,13.3842,1.85121,0.518274,0.516696
305,2015-07-09T20:07:18.000,2:07:19 PM,1.22441,3.89551,-2.92285,-29008.1,-0.0996732,-0.615148,21.5,21.6,21.8,21.6,21.6,21.9,68.9785,13.4152,1.85121,0.518274,0.516696
306,2015-07-09T20:07:28.000,2:07:29 PM,1.22712,3.89551,-1.99951,-29008.1,-0.0996732,-0.615148,21.6,21.6,21.8,21.6,21.6,21.9,68.9785,15.2761,1.85121,0.518274,0.516696
307,2015-07-09T20:07:38.000,2:07:39 PM,1.22978,5.7417,-1.99951,-29008.1,-0.0996732,-0.614959,21.5,21.6,21.8,21.6,21.6,21.9,68.9785,21.1068,1.93931,0.518274,0.516696
308,2015-07-09T20:07:48.000,2:07:49 PM,1.23269,6.66504,-1.99951,-29008.1,-0.0996732,-0.614959,21.5,21.6,21.8,21.6,21.6,22.1,68.9785,31.9154,1.93931,0.518274,0.516696
309,2015-07-09T20:07:58.000,2:07:58 PM,1.23535,9.43457,-1.99951,-29008.1,-0.0996732,-0.614393,21.5,21.5,21.8,21.6,21.6,22.4,68.9668,47.3451,1.93931,0.518274,0.516696
310,2015-07-09T20:08:08.000,2:08:08 PM,1.23821,12.5117,-1.99951,-29008.1,-0.0996732,-0.614015,21.5,21.6,21.8,21.6,21.6,23.1,68.9785,64.0619,1.93931,0.518274,0.516696
311,2015-07-09T20:08:18.000,2:08:18 PM,1.24088,15.2813,-2.92285,-29008.1,-0.0996732,-0.614015,21.5,21.6,21.8,21.6,21.6,23.3,68.9785,82.283,1.85121,0.518274,0.516696
312,2015-07-09T20:08:28.000,2:08:29 PM,1.24376,20.2051,-1.99951,-29008.1,-0.0996732,-0.613764,21.5,21.6,21.8,21.6,21.6,23.3,68.9785,97.4491,1.85121,0.518274,0.516696
313,2015-07-09T20:08:38.000,2:08:39 PM,1.2465,26.9749,-1.99951,-29008.1,-0.0996732,-0.614015,21.6,21.6,21.8,21.6,21.6,23.2,68.9668,114.135,1.85121,0.518274,0.516696
314,2015-07-09T20:08:48.000,2:08:49 PM,1.24919,33.4373,-2.92285,-29008.1,-0.0996732,-0.613764,21.8,21.6,21.8,21.6,21.6,22.9,68.9785,132.309,1.93931,0.518274,0.516696
315,2015-07-09T20:08:58.000,2:08:59 PM,1.25206,37.4377,-1.99951,-29008.1,-0.0996732,-0.614204,21.6,21.6,21.8,21.6,21.6,21,68.9785,147.522,1.85121,0.518274,0.516696
316,2015-07-09T20:09:09.000,2:09:09 PM,1.25476,39.2839,-1.99951,-29008.1,-0.0996732,-0.61477,21.6,21.5,21.8,21.6,21.6,19.5,68.9785,165.697,1.93931,0.518274,0.516696
317,2015-07-09T20:09:18.000,2:09:18 PM,1.25745,38.3608,-1.99951,-29008.1,-0.0996732,-0.615148,21.8,21.5,21.8,21.6,21.6,18.3,68.9668,182.46,1.85121,0.518274,0.516696
318,2015-07-09T20:09:28.000,2:09:28 PM,1.26036,36.5144,-1.99951,-29008.1,-0.0996732,-0.614959,21.6,21.6,21.8,21.6,21.6,17,68.9668,182.879,1.85121,0.518274,0.516696
319,2015-07-09T20:09:38.000,2:09:38 PM,1.26306,34.6682,-1.99951,-29008.1,-0.0996732,-0.614581,21.6,21.6,21.8,21.6,21.6,16.9,68.9785,182.879,1.93931,0.518274,0.516696
320,2015-07-09T20:09:48.000,2:09:49 PM,1.26592,30.6677,-1.99951,-29008.1,-0.0996732,-0.614204,21.5,21.6,21.8,21.6,21.6,16.4,68.9785,182.879,1.85121,0.518274,0.516696
321,2015-07-09T20:09:58.000,2:09:59 PM,1.26858,27.8982,-1.99951,-29008.1,-0.0996732,-0.614015,21.5,21.6,21.8,21.6,21.6,16.4,68.9668,182.879,1.85121,0.518274,0.516696
322,2015-07-09T20:10:08.000,2:10:09 PM,1.27145,24.8208,-1.99951,-29008.1,-0.0996732,-0.613764,21.5,21.6,21.8,21.6,21.6,16.7,68.9785,182.879,1.93931,0.518274,0.516696
323,2015-07-09T20:10:19.000,2:10:19 PM,1.27413,22.0513,-2.92285,-29008.1,-0.0996732,-0.613764,21.5,21.6,21.8,21.7,21.7,17,68.9668,182.879,1.85121,0.518274,0.516696
324,2015-07-09T20:10:29.000,2:10:29 PM,1.27707,20.2051,-1.99951,-29008.1,-0.0996732,-0.614204,21.4,21.6,21.8,21.7,21.7,17.4,68.9785,182.879,1.93931,0.518274,0.516696
325,2015-07-09T20:10:38.000,2:10:38 PM,1.27973,18.3586,-1.99951,-29008.1,-0.0996732,-0.614581,21.6,21.6,21.8,21.7,21.7,18.1,68.9668,182.879,1.85121,0.518274,0.516696
326,2015-07-09T20:10:48.000,2:10:48 PM,1.28263,17.1277,-1.99951,-29008.1,-0.0996732,-0.615148,21.5,21.6,21.8,21.7,21.7,18.7,68.9785,182.879,1.93931,0.518274,0.516696
327,2015-07-09T20:10:58.000,2:10:59 PM,1.2853,16.2046,-1.99951,-29008.1,-0.0996732,-0.615148,21.5,21.6,21.8,21.7,21.7,19.1,68.9668,182.879,1.85121,0.518274,0.516696
328,2015-07-09T20:11:08.000,2:11:09 PM,1.28796,14.3582,-2.92285,-29008.1,-0.0996732,-0.61477,21.8,21.6,21.8,21.7,21.7,19.6,68.9785,182.879,1.85121,0.518274,0.516696
329,2015-07-09T20:11:18.000,2:11:19 PM,1.29085,13.4351,-1.99951,-29008.1,-0.0996732,-0.614393,21.5,21.5,21.8,21.7,21.7,19.9,68.9785,182.879,1.93931,0.518274,0.516696
330,2015-07-09T20:11:28.000,2:11:29 PM,1.2936,12.5117,-1.99951,-29008.1,-0.0996732,-0.614015,21.6,21.6,21.8,21.7,21.7,20.2,68.9668,182.879,1.93931,0.518274,0.516696
331,2015-07-09T20:11:39.000,2:11:39 PM,1.29627,12.5117,-1.99951,-29008.1,-0.0996732,-0.614015,21.5,21.6,21.8,21.6,21.7,20.4,68.9785,182.879,1.85121,0.518274,0.516696
332,2015-07-09T20:11:49.000,2:11:49 PM,1.29914,11.5886,-1.99951,-29008.1,-0.0996732,-0.614015,21.5,21.6,21.8,21.6,21.7,20.6,68.9785,182.879,1.85121,0.518274,0.516696
333,2015-07-09T20:11:58.000,2:11:58 PM,1.30181,11.5886,-2.92285,-29008.1,-0.0996732,-0.614204,21.5,21.7,21.8,21.6,21.7,20.8,68.9785,182.879,1.93931,0.518274,0.516696
334,2015-07-09T20:12:08.000,2:12:09 PM,1.30468,10.6655,-1.99951,-29008.1,-0.0996732,-0.614393,21.5,21.6,21.8,21.7,21.7,20.9,68.9668,182.879,1.93931,0.518274,0.516696
335,2015-07-09T20:12:18.000,2:12:19 PM,1.30735,10.6655,-2.92285,-29008.1,-0.0996732,-0.614581,21.6,21.7,21.8,21.6,21.7,21,68.9668,182.879,1.85121,0.518274,0.516696
336,2015-07-09T20:12:28.000,2:12:29 PM,1.31029,10.6655,-1.99951,-29008.1,-0.0996732,-0.614959,21.8,21.7,21.8,21.7,21.7,23,68.9668,182.879,1.85121,0.518274,0.516696
337,2015-07-09T20:12:38.000,2:12:39 PM,1.31303,11.5886,-1.99951,-29008.1,-0.0996732,-0.615148,21.7,21.6,21.8,21.7,21.7,24.4,68.9785,182.879,1.85121,0.518274,0.516696
338,2015-07-09T20:12:49.000,2:12:49 PM,1.3157,12.5117,-4.76929,-29008.1,-0.0996732,-0.614959,21.8,21.6,21.8,21.7,21.7,24.2,68.9785,182.879,1.85121,0.518274,0.516696
339,2015-07-09T20:12:59.000,2:12:59 PM,1.31853,13.4351,-2.92285,-29008.1,-0.0996732,-0.614959,21.5,21.6,21.8,21.7,21.7,21.6,68.9785,182.879,1.85121,0.518274,0.516696
340,2015-07-09T20:13:08.000,2:13:08 PM,1.32124,13.4351,-1.99951,-29008.1,-0.0996732,-0.61477,21.7,21.6,21.8,21.7,21.7,20.4,68.9668,182.879,1.85121,0.518274,0.516696
341,2015-07-09T20:13:18.000,2:13:19 PM,1.32413,12.5117,-1.99951,-29008.1,-0.0996732,-0.614393,21.4,21.6,21.8,21.7,21.7,19.6,68.9785,182.879,1.85121,0.518274,0.516696
342,2015-07-09T20:13:28.000,2:13:29 PM,1.32683,12.5117,-1.99951,-29008.1,-0.0996917,-0.614015,21.5,21.6,21.8,21.6,21.7,19.2,68.9785,182.879,1.85121,0.518274,0.516696
343,2015-07-09T20:13:38.000,2:13:39 PM,1.32954,11.5886,-1.99951,-29008.1,-0.0996732,-0.613764,21.5,21.6,21.8,21.6,21.7,19.2,68.9668,182.879,1.93931,0.518274,0.516696
344,2015-07-09T20:13:48.000,2:13:49 PM,1.33247,10.6655,-2.92285,-29008.1,-0.0996732,-0.614204,21.6,21.6,21.8,21.6,21.7,19.3,68.9785,182.879,1.93931,0.518274,0.516696
345,2015-07-09T20:13:59.000,2:13:59 PM,1.33504,10.6655,-1.99951,-29008.1,-0.0996732,-0.61477,21.6,21.8,21.8,21.7,21.7,19.5,68.9785,182.879,1.85121,0.518274,0.516696
346,2015-07-09T20:14:09.000,2:14:09 PM,1.33794,9.43457,-1.99951,-29008.1,-0.0996732,-0.615148,21.5,21.7,21.8,21.7,21.7,19.8,68.9785,182.879,1.85121,0.518274,0.516696
347,2015-07-09T20:14:19.000,2:14:19 PM,1.34065,8.51123,-1.99951,-29008.1,-0.0996732,-0.614581,21.5,21.7,21.8,21.7,21.7,20.1,68.9668,182.879,1.85121,0.518274,0.516696
348,2015-07-09T20:14:28.000,2:14:28 PM,1.34332,7.58813,-1.99951,-29008.1,-0.0996732,-0.614015,21.5,21.8,21.8,21.7,21.7,20.4,68.9668,182.879,1.85121,0.518274,0.516696
349,2015-07-09T20:14:38.000,2:14:39 PM,1.34619,7.58813,-2.92285,-3607.09,-0.0996732,-0.614015,21.4,21.9,21.8,21.8,21.7,20.6,68.9668,182.879,1.85121,0.518274,0.516696
350,2015-07-09T20:14:48.000,2:14:49 PM,1.34892,7.58813,-1.99951,-29008.1,-0.0996732,-0.613764,21.8,21.9,21.8,21.7,21.7,20.8,68.9668,182.879,1.93931,0.518274,0.516696
351,2015-07-09T20:14:58.000,2:14:59 PM,1.35172,8.51123,-0.153076,115182,-0.0996117,-0.614959,21.6,21.8,21.9,21.6,21.7,21,68.9785,182.879,1.85121,0.518274,0.516696
352,2015-07-09T20:15:09.000,2:15:09 PM,1.35441,6.66504,0.770264,7539.75,-0.0996548,-0.615525,21.8,21.9,21.8,21.7,21.7,21.1,68.9785,182.879,1.93931,0.518274,0.516696
353,2015-07-09T20:15:19.000,2:15:19 PM,1.35732,7.58813,-1.99951,115182,-0.0996732,-0.615336,21.9,21.9,21.8,21.7,21.7,21.2,69.0292,182.879,1.85121,0.518274,0.516696
354,2015-07-09T20:15:29.000,2:15:29 PM,1.36004,9.43457,-1.99951,-28423.3,-0.0996302,-0.615336,21.8,21.9,21.9,21.8,21.7,21.3,68.9785,182.879,1.85121,0.518274,0.516696
355,2015-07-09T20:15:39.000,2:15:39 PM,1.36271,5.7417,-1.99951,-29008.1,-0.0996732,-0.614015,21.6,21.7,21.8,21.8,21.8,21.4,68.9668,182.879,1.85121,0.518274,0.516696
356,2015-07-09T20:15:48.000,2:15:49 PM,1.36565,4.8186,-1.99951,-29008.1,-0.0996732,-0.613764,21.5,21.7,21.8,21.8,21.8,21.5,68.9668,182.879,1.85121,0.518274,0.516696
357,2015-07-09T20:15:58.000,2:15:59 PM,1.36832,4.8186,-1.99951,-29008.1,-0.0996732,-0.614204,21.5,21.7,21.8,21.7,21.8,21.6,68.9668,182.879,1.93931,0.518274,0.516696
