ID,Duration (hrs),Date,Time,ConfP,ActP,Load,SmallLVDT,LargeLVDT,LVTemp,UVTemp,PistonTemp,LCTemp,AmbTemp,DilaFBK
3757969,0,2014-12-04T22:04:34.000,3:04:34 PM,2014.1,203.015,22471.4,-0.104686,0.62546,41.6,39.7,30.2,22.1,0,6.22162
3757970,0,2014-12-04T22:04:35.000,3:04:35 PM,2014.1,202.092,22471.4,-0.104686,0.62546,41.6,39.7,30.2,22.1,0,6.22162
3757971,0,2014-12-04T22:04:36.000,3:04:36 PM,2014.1,202.092,22471.4,-0.104686,0.62546,41.6,39.7,30.2,22.2,0,6.22253
3757972,0,2014-12-04T22:04:37.000,3:04:37 PM,2014.1,203.015,22471.4,-0.104686,0.62546,41.6,39.7,30.3,22.2,0,6.22162
3757973,0,2014-12-04T22:04:38.000,3:04:38 PM,2015.04,203.015,22471.4,-0.104686,0.62546,41.6,39.7,30.2,22.2,0,6.22162
3757974,0,2014-12-04T22:04:39.000,3:04:39 PM,2012.24,202.092,22471.4,-0.104686,0.62546,41.6,39.7,30.2,22.2,0,6.22253
3757975,0,2014-12-04T22:04:40.000,3:04:40 PM,2014.1,203.015,22471.4,-0.104686,0.62546,41.6,39.7,30.2,22.1,0,6.22253
3757976,0,2014-12-04T22:04:41.000,3:04:41 PM,2014.1,202.092,22471.4,-0.104686,0.62546,41.6,39.7,30.2,22.2,0,6.22253
3757977,0,2014-12-04T22:04:42.000,3:04:42 PM,2014.1,203.015,22471.4,-0.104686,0.62546,41.6,39.7,30.2,22.2,0,6.22253
3757978,0,2014-12-04T22:04:43.000,3:04:43 PM,2014.1,202.092,22471.4,-0.104686,0.62546,41.5,39.7,30.2,22.2,0,6.22253
3757979,0,2014-12-04T22:04:44.000,3:04:44 PM,2014.1,203.015,22471.4,-0.104686,0.62546,41.5,39.7,30.2,22.2,0,6.22253
3757980,0,2014-12-04T22:04:45.000,3:04:45 PM,2014.1,203.015,22471.4,-0.104686,0.62546,41.5,39.7,30.2,22.2,0,6.22253
3757981,0,2014-12-04T22:04:46.000,3:04:46 PM,2014.1,202.092,22471.4,-0.104686,0.62546,41.5,39.7,30.2,22.2,0,6.22253
3757982,0,2014-12-04T22:04:47.000,3:04:47 PM,2014.1,203.015,22471.4,-0.104686,0.62546,41.5,39.7,30.2,22.2,0,6.22253
3757983,0,2014-12-04T22:04:48.000,3:04:48 PM,2014.1,202.092,22471.4,-0.104686,0.62546,41.5,39.7,30.2,22.1,0,6.22253
3757984,0,2014-12-04T22:04:49.000,3:04:49 PM,2014.1,203.015,22471.4,-0.104686,0.62546,41.5,39.7,30.2,22.2,0,6.22253
3757985,0,2014-12-04T22:04:50.000,3:04:50 PM,2014.1,203.015,22471.4,-0.104686,0.62546,41.5,39.7,30.2,22.1,0,6.22253
3757986,0,2014-12-04T22:04:51.000,3:04:51 PM,2014.1,202.092,22471.4,-0.104686,0.62546,41.5,39.7,30.2,22.2,0,6.22253
3757987,0,2014-12-04T22:04:52.000,3:04:52 PM,2015.04,203.015,22471.4,-0.104686,0.62546,41.5,39.7,30.2,22.2,0,6.22253
3757988,0,2014-12-04T22:04:53.000,3:04:53 PM,2012.24,202.092,22471.4,-0.104686,0.62546,41.5,39.7,30.2,22.2,0,6.22345
3757989,0,2014-12-04T22:04:54.000,3:04:54 PM,2014.1,203.015,22471.4,-0.104686,0.62546,41.5,39.7,30.2,22.2,0,6.22345
3757990,0,2014-12-04T22:04:55.000,3:04:55 PM,2014.1,203.015,22471.4,-0.104686,0.62546,41.5,39.7,30.2,22.2,0,6.22345
3757991,0,2014-12-04T22:34:55.000,3:34:55 PM,1998.58,199.936,22307.4,-0.104612,0.625092,40.2,42,39.1,22.1,0,6.23383
3757992,0,2014-12-04T23:04:55.000,4:04:55 PM,1990.82,198.089,22225.4,-0.104668,0.625276,41.2,40.9,32,22.1,0,6.20056
3757993,0,2014-12-04T23:34:55.000,4:34:55 PM,2013.17,199.936,22482.6,-0.104686,0.62546,41,40.5,29.6,22.2,0,6.23383
3757994,0,2014-12-05T00:04:55.000,5:04:55 PM,1987.1,199.936,22236.6,-0.104612,0.625276,40,40.2,35.8,22.1,0,6.24542
3757995,0,2014-12-05T00:34:55.000,5:34:55 PM,2014.1,202.092,22449.1,-0.104686,0.625276,41.9,39.7,30.9,22.1,0,6.1911
3757996,0,2014-12-05T01:04:55.000,6:04:55 PM,2009.14,203.015,22460.2,-0.104649,0.625092,40.9,39.9,40.8,22.1,0,6.24725
3757997,0,2014-12-05T01:34:55.000,6:34:55 PM,1988.03,200.86,22273.8,-0.104649,0.625276,40.2,39.9,33.2,22.1,0,6.26068
3757998,0,2014-12-05T02:04:55.000,7:04:55 PM,1987.1,200.86,22251.5,-0.104705,0.62546,39.6,39.9,30,22.1,0,6.20544
3757999,0,2014-12-05T02:34:55.000,7:34:55 PM,2011.31,202.092,22434.1,-0.104612,0.625092,40.8,39.9,38.1,22.2,0,6.23199
3758000,0,2014-12-05T03:04:55.000,8:04:55 PM,1988.96,200.86,22236.6,-0.104686,0.625276,40,39.9,31.7,22.1,0,6.23474
3758001,0,2014-12-05T03:34:55.000,8:34:55 PM,2014.1,202.092,22482.6,-0.104686,0.625092,41.8,39.9,38.2,22.1,0,6.21399
3758002,0,2014-12-05T04:04:55.000,9:04:55 PM,2009.14,203.015,22434.1,-0.104612,0.625276,40.9,40.1,34.3,22.2,0,6.2616
3758003,0,2014-12-05T04:34:55.000,9:34:55 PM,1990.82,200.86,22273.8,-0.104668,0.62546,40.1,40,30.4,22.1,0,6.22345
3758004,0,2014-12-05T05:04:55.000,10:04:55 PM,2013.17,203.015,22460.2,-0.104612,0.625092,41.6,40.2,39.6,22.1,0,6.25671
3758005,0,2014-12-05T05:34:55.000,10:34:55 PM,2004.48,203.015,22411.8,-0.104649,0.625276,40.6,40.1,32.4,22.3,0,6.23291
3758006,0,2014-12-05T06:04:55.000,11:04:55 PM,1986.17,200.86,22225.4,-0.104705,0.62546,39.7,40.1,29.7,22.1,0,6.20636
3758007,0,2014-12-05T06:34:55.000,11:34:55 PM,2014.1,203.015,22493.8,-0.104631,0.625276,41.5,40,35.7,22.2,0,6.25488
3758008,0,2014-12-05T07:04:55.000,12:04:55 AM,1998.58,200.86,22355.9,-0.104686,0.62546,40.5,40,30.8,22.1,0,6.24908
3758009,0,2014-12-05T07:34:55.000,12:34:55 AM,2009.14,203.015,22460.2,-0.104631,0.625092,42.1,39.8,40.6,22.1,0,6.18073
3758010,0,2014-12-05T08:04:55.000,1:04:55 AM,2012.24,203.015,22493.8,-0.104631,0.625276,41,39.8,32.9,22.1,0,6.23199
3758011,0,2014-12-05T08:34:55.000,1:34:55 AM,1986.17,202.092,22236.6,-0.104686,0.62546,40.2,39.8,30,22.2,0,6.23962
3758012,0,2014-12-05T09:04:55.000,2:04:55 AM,2001.38,199.936,22344.7,-0.104612,0.625092,41.8,41.3,37.5,22.2,0,6.18073
3758013,0,2014-12-05T09:34:55.000,2:34:55 AM,2011.31,203.015,22471.4,-0.104668,0.625276,41.1,39.7,31.4,22.2,0,6.24054
3758014,0,2014-12-05T10:04:55.000,3:04:55 AM,1986.17,199.012,22236.6,-0.104686,0.624907,40.3,40.2,39.2,22.1,0,6.23596
3758015,0,2014-12-05T10:34:55.000,3:34:55 AM,2012.24,202.092,22434.1,-0.104649,0.625276,41.6,41.3,34.6,22.2,0,6.18622
3758016,0,2014-12-05T11:04:55.000,4:04:55 AM,2010.38,203.015,22423,-0.104668,0.625276,40.7,41,30.4,22.1,0,6.21857
3758017,0,2014-12-05T11:34:55.000,4:34:55 AM,1987.1,200.86,22251.5,-0.104612,0.625092,40,40.6,39.7,22.1,0,6.23016
3758018,0,2014-12-05T12:04:55.000,5:04:55 AM,2014.1,202.092,22434.1,-0.104668,0.625276,41.9,40.3,32.4,22.2,0,6.18439
3758019,0,2014-12-05T12:34:55.000,5:34:55 AM,2012.24,203.015,22460.2,-0.104686,0.62546,40.9,40.5,29.7,22.1,0,6.2149
3758020,0,2014-12-05T13:04:55.000,6:04:55 AM,1984.93,200.86,22236.6,-0.104631,0.625092,39.9,40.2,36,22.1,0,6.22345
3758021,0,2014-12-05T13:34:55.000,6:34:55 AM,2014.1,199.936,22225.4,-0.104668,0.62546,41.4,40.2,30.9,22.2,0,6.21094
3758022,0,2014-12-05T14:04:55.000,7:04:55 AM,1999.52,202.092,22344.7,-0.104631,0.624907,40.5,39.9,40.8,22.1,0,6.22162
3758023,0,2014-12-05T14:34:55.000,7:34:55 AM,1986.17,200.86,22236.6,-0.104649,0.625276,39.8,39.7,33.1,22.1,0,6.20728
3758024,0,2014-12-05T15:04:55.000,8:04:55 AM,2014.1,203.015,22471.4,-0.104686,0.62546,41.7,40,30,22.2,0,6.22528
3758025,0,2014-12-05T15:34:55.000,8:34:55 AM,2000.45,202.092,22378.2,-0.104612,0.625276,40.6,39.9,36.6,22.1,0,6.24146
3758026,0,2014-12-05T16:04:55.000,9:04:55 AM,1987.1,200.86,22225.4,-0.104686,0.625276,39.9,39.7,31.2,22.1,0,6.20636
3758027,0,2014-12-05T16:34:55.000,9:34:55 AM,2014.1,203.015,22471.4,-0.104649,0.624907,41.4,39.8,41.1,22.1,0,6.21002
3758028,0,2014-12-05T17:04:55.000,10:04:55 AM,1994.86,202.092,22307.4,-0.104631,0.625276,40.5,39.9,33.9,22.2,0,6.25488
3758029,0,2014-12-05T17:34:55.000,10:34:55 AM,1987.1,199.936,22236.6,-0.104668,0.625276,39.7,42.4,30.2,22.1,0,6.19598
3758030,0,2014-12-05T18:04:55.000,11:04:55 AM,2014.1,203.015,22482.6,-0.104588,0.625092,41.7,39.7,39.1,22.1,0,6.23199
3758031,0,2014-12-05T18:34:55.000,11:34:55 AM,2005.41,203.015,22411.8,-0.104668,0.625276,40.9,39.9,32.1,22.2,0,6.26068
3758032,0,2014-12-05T19:04:55.000,12:04:55 PM,1986.17,199.012,22225.4,-0.104686,0.62546,40.3,39.7,29.6,22.1,0,6.23962
3758033,0,2014-12-05T19:34:55.000,12:34:55 PM,2011.31,203.015,22449.1,-0.104631,0.625276,42.1,42.4,35.7,22.1,0,6.16821
3758034,0,2014-12-05T20:04:55.000,1:04:55 PM,2012.24,202.092,22355.9,-0.104668,0.625276,41,39.9,31,22.2,0,6.19293
3758035,0,2014-12-05T20:34:55.000,1:34:55 PM,1986.17,200.86,22225.4,-0.104631,0.624907,39.9,41.3,40.3,22.3,0,6.20728
3758036,0,2014-12-05T21:04:55.000,2:04:55 PM,2015.04,203.015,22460.2,-0.104631,0.625276,41.7,41.1,33,22.2,0,6.22253
3758037,0,2014-12-05T21:34:55.000,2:34:55 PM,1999.52,202.092,22355.9,-0.104686,0.62546,40.3,41.3,29.9,22.2,0,6.20728
3758038,0,2014-12-05T22:04:55.000,3:04:55 PM,1986.17,198.089,22262.7,-0.104588,0.625092,40.5,40.7,37.3,22.2,0,6.17981
3758039,0,2014-12-05T22:34:55.000,3:34:55 PM,2013.17,203.015,22482.6,-0.104649,0.625276,40.9,40.4,31.4,22.2,0,6.20636
3758040,0,2014-12-05T23:04:55.000,4:04:55 PM,1986.17,199.936,22214.2,-0.104686,0.624907,39.7,40.2,38.8,22.2,0,6.18347
3758041,0,2014-12-05T23:34:55.000,4:34:55 PM,2014.1,203.015,22482.6,-0.104612,0.625092,41.5,40.4,34.4,22.2,0,6.23871
3758042,0,2014-12-06T00:04:55.000,5:04:55 PM,2003.55,203.015,22389.4,-0.104686,0.625276,40.5,40.4,30.4,22.2,0,6.21765
3758043,0,2014-12-06T00:34:55.000,5:34:55 PM,1986.17,199.936,22251.5,-0.104612,0.624907,40,39.8,40,22.3,0,6.16638
3758044,0,2014-12-06T01:04:55.000,6:04:55 PM,2014.1,203.015,22493.8,-0.104649,0.625276,41.5,39.9,32.6,22.2,0,6.21216
3758045,0,2014-12-06T01:34:55.000,6:34:55 PM,1992.69,202.092,22285,-0.104686,0.62546,40.3,39.7,29.8,22.2,0,6.20544
3758046,0,2014-12-06T02:04:55.000,7:04:55 PM,2015.04,203.015,22471.4,-0.104612,0.625276,42,41.6,36.8,22.2,0,6.17126
3758047,0,2014-12-06T02:34:55.000,7:34:55 PM,2012.24,203.015,22482.6,-0.104668,0.62546,41.2,39.8,31.2,22.2,0,6.21765
3758048,0,2014-12-06T03:04:55.000,8:04:55 PM,1988.96,199.936,22225.4,-0.104668,0.624907,40,42.3,40.6,22.2,0,6.19873
3758049,0,2014-12-06T03:34:55.000,8:34:55 PM,2013.17,202.092,22434.1,-0.104631,0.625276,42,41.7,33.7,22.1,0,6.15479
3758050,0,2014-12-06T04:04:55.000,9:04:55 PM,2012.24,203.015,22471.4,-0.104686,0.62546,41.2,39.6,30.2,22.2,0,6.21216
3758051,0,2014-12-06T04:34:55.000,9:34:55 PM,1994.86,200.86,22285,-0.104612,0.625092,40.3,41.5,38.8,22.1,0,6.22833
3758052,0,2014-12-06T05:04:55.000,10:04:55 PM,1986.17,200.86,22191.8,-0.104649,0.625276,39.6,40.8,32,22.2,0,6.17981
3758053,0,2014-12-06T05:34:55.000,10:34:55 PM,2009.14,199.936,22423,-0.104668,0.625092,41.2,40.9,33.4,22.3,0,6.22253
3758054,0,2014-12-06T06:04:55.000,11:04:55 PM,1988.96,200.86,22236.6,-0.104612,0.625276,40,41.4,34.9,22.2,0,6.20728
3758055,0,2014-12-06T06:34:55.000,11:34:55 PM,2013.17,203.939,22505,-0.104668,0.62546,41.9,41.8,30.6,22.3,0,6.14349
3758056,0,2014-12-06T07:04:55.000,12:04:55 AM,2006.34,203.015,22423,-0.104612,0.625092,40.8,39.7,40.7,22.2,0,6.22437
3758057,0,2014-12-06T07:34:55.000,12:34:55 AM,1986.17,202.092,22236.6,-0.104649,0.625276,40.3,39.7,33,22.2,0,6.24054
3758058,0,2014-12-06T08:04:55.000,1:04:55 AM,1984.93,199.936,22236.6,-0.104686,0.62546,39.7,39.8,29.9,22.2,0,6.14838
3758059,0,2014-12-06T08:34:55.000,1:34:55 AM,2013.17,203.015,22471.4,-0.104612,0.625276,41.1,40.1,37.4,22.2,0,6.21857
3758060,0,2014-12-06T09:04:55.000,2:04:55 AM,1992.69,202.092,22285,-0.104668,0.62546,40.3,40,31.4,22.2,0,6.20819
3758061,0,2014-12-06T09:34:55.000,2:34:55 AM,2008.21,202.092,22400.6,-0.104668,0.624907,41.7,39.8,38.5,22.3,0,6.13678
3758062,0,2014-12-06T10:04:55.000,3:04:55 AM,2006.34,203.015,22423,-0.104612,0.625276,40.7,40,34.4,22.2,0,6.22162
3758063,0,2014-12-06T10:34:55.000,3:34:55 AM,1986.17,200.86,22225.4,-0.104686,0.625276,39.9,39.9,30.4,22.2,0,6.19202
3758064,0,2014-12-06T11:04:55.000,4:04:55 AM,2014.1,203.015,22449.1,-0.104612,0.625092,41.2,39.9,39.8,22.2,0,6.17676
3758065,0,2014-12-06T11:34:55.000,4:34:55 AM,1992.69,202.092,22285,-0.104649,0.625276,40.3,39.7,32.4,22.2,0,6.20728
3758066,0,2014-12-06T12:04:55.000,5:04:55 AM,2000.45,199.012,22251.5,-0.104668,0.62546,41.9,39.7,29.7,22.2,0,6.13129
3758067,0,2014-12-06T12:34:55.000,5:34:55 AM,2012.24,203.015,22471.4,-0.104612,0.625276,41,39.8,35.6,22.2,0,6.19019
3758068,0,2014-12-06T13:04:55.000,6:04:55 AM,1984.93,199.936,22225.4,-0.104668,0.62546,40,40.1,30.8,22.2,0,6.18439
3758069,0,2014-12-06T13:34:55.000,6:34:55 AM,2014.1,200.86,22273.8,-0.104631,0.625092,41.7,39.6,40.6,22.2,0,6.15875
3758070,0,2014-12-06T14:04:55.000,7:04:55 AM,2001.38,203.015,22378.2,-0.104649,0.625276,40.7,39.7,33,22.2,0,6.22162
3758071,0,2014-12-06T14:34:55.000,7:34:55 AM,1986.17,199.936,22203,-0.104686,0.62546,39.9,42,29.9,22.2,0,6.19019
3758072,0,2014-12-06T15:04:55.000,8:04:55 AM,2014.1,203.015,22449.1,-0.104612,0.625276,41.6,41.7,36.9,22.2,0,6.19598
3758073,0,2014-12-06T15:34:55.000,8:34:55 AM,2001.38,200.86,22367,-0.104668,0.625276,40.8,40.7,31.3,22.2,0,6.21857
3758074,0,2014-12-06T16:04:55.000,9:04:55 AM,1986.17,199.936,22214.2,-0.104649,0.624907,40,41.9,40.8,22.3,0,6.19385
3758075,0,2014-12-08T16:43:52.000,9:43:53 AM,1986.17,200.86,22225.4,-0.104649,0.625276,39.7,41,33.6,22.1,0,6.12915
3758076,0,2014-12-08T17:13:52.000,10:13:53 AM,2014.1,203.015,22449.1,-0.104686,0.62546,41.5,41.1,30.1,22.2,0,6.14746
3758077,0,2014-12-08T17:43:52.000,10:43:53 AM,1999.52,202.092,22329.8,-0.104612,0.625276,40.4,41.8,38.1,22.1,0,6.15784
3758078,0,2014-12-08T18:13:52.000,11:13:53 AM,1986.17,200.86,22225.4,-0.104668,0.625276,39.7,41.4,31.7,22.2,0,6.12732
3758079,0,2014-12-08T18:43:52.000,11:43:53 AM,2014.1,202.092,22471.4,-0.104705,0.625092,41.5,41.3,36.5,22.1,0,6.13495
3758080,0,2014-12-08T19:13:52.000,12:13:53 PM,1995.79,200.86,22318.6,-0.104631,0.625276,40.3,41.8,34.5,22.3,0,6.15875
3758081,0,2014-12-08T19:43:52.000,12:43:53 PM,1986.17,199.012,22225.4,-0.104668,0.62546,40.6,40.9,30.5,22.3,0,6.09131
3758082,0,2014-12-08T20:13:52.000,1:13:53 PM,2013.17,203.939,22482.6,-0.104612,0.625092,41,40.6,39.1,22.2,0,6.14258
3758083,0,2014-12-08T20:43:52.000,1:43:53 PM,1986.17,200.86,22236.6,-0.104668,0.625276,40,40.6,32.2,22.2,0,6.15295
3758084,0,2014-12-08T21:13:52.000,2:13:53 PM,2014.1,202.092,22505,-0.104686,0.62546,41.6,40.5,29.6,22.1,0,6.12732
3758085,0,2014-12-08T21:43:52.000,2:43:53 PM,2004.48,203.015,22400.6,-0.104612,0.625276,40.7,40.2,35.8,22.3,0,6.14624
3758086,0,2014-12-08T22:13:52.000,3:13:53 PM,1986.17,200.86,22236.6,-0.104686,0.62546,39.8,40,31,22.3,0,6.10352
3758087,0,2014-12-08T22:43:52.000,3:43:53 PM,2007.28,203.015,22411.8,-0.104631,0.625092,40.6,39.9,40.4,22.2,0,6.11786
3758088,0,2014-12-08T23:13:52.000,4:13:53 PM,1986.17,200.86,22236.6,-0.104649,0.625276,39.9,40,33,22.2,0,6.12061
3758089,0,2014-12-08T23:43:52.000,4:43:53 PM,2010.38,200.86,22460.2,-0.104668,0.62546,41.7,41.4,30,22.3,0,6.07697
3758090,0,2014-12-09T00:13:52.000,5:13:53 PM,2004.48,202.092,22378.2,-0.104612,0.625092,40.7,41.9,37.3,22.3,0,6.14258
3758091,0,2014-12-09T00:43:52.000,5:43:53 PM,1987.1,199.936,22225.4,-0.104649,0.62546,40,41.5,31.4,22.3,0,6.14075
3758092,0,2014-12-09T01:13:52.000,6:13:53 PM,2014.1,203.015,22460.2,-0.104668,0.624907,41.9,40.6,39.3,22.2,0,6.08276
3758093,0,2014-12-09T01:43:52.000,6:43:53 PM,2013.17,203.015,22482.6,-0.104631,0.625276,41,40.8,34.6,22.2,0,6.14838
3758094,0,2014-12-09T02:13:52.000,7:13:53 PM,1986.17,200.86,22236.6,-0.104686,0.62546,40.2,41.1,30.5,22.2,0,6.15784
3758095,0,2014-12-09T02:43:52.000,7:43:53 PM,2005.41,202.092,22367,-0.104612,0.625092,42.1,40.3,40.2,22.2,0,6.08276
3758096,0,2014-12-09T03:13:52.000,8:13:53 PM,2014.1,203.015,22482.6,-0.104631,0.625276,41.3,40.5,32.7,22.2,0,6.15204
3758097,0,2014-12-09T03:43:52.000,8:43:53 PM,1995.79,202.092,22329.8,-0.104686,0.62546,40.2,40.5,29.8,22.2,0,6.1264
3758098,0,2014-12-09T04:13:52.000,9:13:53 PM,1984.93,200.86,22225.4,-0.104612,0.625276,39.7,40.2,36.5,22.2,0,6.09894
3758099,0,2014-12-09T04:43:52.000,9:43:53 PM,2010.38,203.015,22460.2,-0.104649,0.62546,41,40.3,31.1,22.2,0,6.1264
3758100,0,2014-12-09T05:13:52.000,10:13:53 PM,1990.82,200.86,22273.8,-0.104668,0.624907,39.9,40.5,41.2,22.1,0,6.09985
3758101,0,2014-12-09T05:43:52.000,10:43:53 PM,2014.1,203.015,22449.1,-0.104631,0.625276,41.8,40.4,33.7,22.2,0,6.1084
3758102,0,2014-12-09T06:13:52.000,11:13:53 PM,2011.31,203.939,22471.4,-0.104668,0.62546,41,40.3,30.2,22.3,0,6.12549
3758103,0,2014-12-09T06:43:52.000,11:43:53 PM,1986.17,200.86,22251.5,-0.104588,0.625092,39.9,40.5,39.1,22.3,0,6.10443
3758104,0,2014-12-09T07:13:52.000,12:13:53 AM,2014.1,203.939,22460.2,-0.104649,0.62546,41.5,40.2,32.2,22.3,0,6.10931
3758105,0,2014-12-09T07:43:52.000,12:43:53 AM,2001.38,199.012,22355.9,-0.104686,0.625706,40.5,40,29.9,22.1,0,6.12457
3758106,0,2014-12-09T08:13:52.000,1:13:53 AM,1986.17,202.092,22236.6,-0.104588,0.625276,39.8,39.9,35.5,22.3,0,6.10352
3758107,0,2014-12-09T08:43:52.000,1:43:53 AM,2013.17,203.015,22482.6,-0.104686,0.62546,41.1,39.9,30.8,22.2,0,6.10931
3758108,0,2014-12-09T09:13:52.000,2:13:53 AM,1987.1,199.936,22236.6,-0.104631,0.625092,39.7,42.1,40,22.3,0,6.08826
3758109,0,2014-12-09T09:43:52.000,2:43:53 AM,2013.17,200.86,22214.2,-0.104649,0.625276,41.5,39.7,32.7,22.2,0,6.11389
3758110,0,2014-12-09T10:13:52.000,3:13:53 AM,1993.93,202.092,22318.6,-0.104686,0.62546,40.5,39.6,29.8,22.2,0,6.12244
3758111,0,2014-12-09T10:43:52.000,3:43:53 AM,1988.96,199.936,22225.4,-0.104612,0.625276,39.8,41.7,36.5,22.2,0,6.09406
3758112,0,2014-12-09T11:13:52.000,4:13:53 AM,2013.17,203.015,22460.2,-0.104668,0.62546,41.9,41.8,31.1,22.2,0,6.08826
3758113,0,2014-12-09T11:43:52.000,4:43:53 AM,2009.14,203.015,22460.2,-0.104649,0.625092,40.6,41.5,40.7,22.2,0,6.09589
3758114,0,2014-12-09T12:13:52.000,5:13:53 AM,1987.1,200.86,22214.2,-0.104649,0.625276,39.9,40.9,33.4,22.2,0,6.1084
3758115,0,2014-12-09T12:43:52.000,5:43:53 AM,2014.1,200.86,22262.7,-0.104668,0.62546,41.8,40.5,30,22.1,0,6.09894
3758116,0,2014-12-09T13:13:52.000,6:13:53 AM,2008.21,203.015,22423,-0.104612,0.625276,40.8,40.5,37.1,22.2,0,6.13678
3758117,0,2014-12-09T13:43:52.000,6:43:53 AM,1986.17,200.86,22225.4,-0.104668,0.62546,40,40.7,31.4,22.2,0,6.1264
3758118,0,2014-12-09T14:13:52.000,7:13:53 AM,2013.17,203.939,22471.4,-0.104668,0.624907,41.9,40.6,40.8,22.1,0,6.10443
3758119,0,2014-12-09T14:43:52.000,7:43:53 AM,2009.14,203.015,22434.1,-0.104631,0.625276,40.9,40.3,34,22.1,0,6.13007
3758120,0,2014-12-09T15:13:52.000,8:13:53 AM,1986.17,200.86,22225.4,-0.104705,0.62546,39.9,40.2,30.2,22.1,0,6.09314
3758121,0,2014-12-09T15:43:52.000,8:43:53 AM,2013.17,203.015,22378.2,-0.104612,0.625276,41.2,40,38.5,22.1,0,6.10443
3758122,0,2014-12-09T16:13:52.000,9:13:53 AM,1996.72,203.015,22344.7,-0.104668,0.625276,40.4,40,31.7,22.1,0,6.12457
3758123,0,2014-12-09T16:43:52.000,9:43:53 AM,1990.82,198.089,22214.2,-0.104686,0.625092,41.5,40,37.5,22.2,0,6.05408
3758124,0,2014-12-09T17:13:52.000,10:13:53 AM,2012.24,203.939,22471.4,-0.104668,0.62546,41,40.3,34.5,22.1,0,6.12457
3758125,0,2014-12-09T17:43:52.000,10:43:53 AM,1989.89,200.86,22273.8,-0.104668,0.62546,40.1,40,30.4,22.3,0,6.10443
3758126,0,2014-12-09T18:13:52.000,11:13:53 AM,2015.04,203.939,22460.2,-0.104612,0.625092,41.5,39.7,39.1,22.1,0,6.07208
3758127,0,2014-12-09T18:43:52.000,11:43:53 AM,1996.72,202.092,22355.9,-0.104668,0.62546,40.5,39.7,32.1,22.1,0,6.11969
3758128,0,2014-12-09T19:13:52.000,12:13:53 PM,1986.17,199.936,22262.7,-0.104705,0.62546,39.6,39.6,29.7,22.2,0,6.06171
3758129,0,2014-12-09T19:43:52.000,12:43:53 PM,2014.1,203.015,22449.1,-0.104612,0.625276,41.1,41.7,35.5,22.2,0,6.11206
3758130,0,2014-12-09T20:13:52.000,1:13:53 PM,1991.76,200.86,22296.2,-0.104668,0.62546,40.3,41.3,30.8,22.2,0,6.12152
3758131,0,2014-12-09T20:43:52.000,1:43:53 PM,2005.41,200.86,22355.9,-0.104631,0.625092,41.9,40.5,40.6,22.2,0,6.05682
3758132,0,2014-12-09T21:13:52.000,2:13:53 PM,2011.31,203.015,22460.2,-0.104649,0.62546,40.9,40.4,33,22.3,0,6.11023
3758133,0,2014-12-09T21:43:52.000,2:43:53 PM,1986.17,200.86,22236.6,-0.104686,0.62546,40,40.2,29.9,22.3,0,6.10168
3758134,0,2014-12-09T22:13:52.000,3:13:53 PM,2012.24,203.015,22471.4,-0.104612,0.625276,41.7,40.2,37.5,22.2,0,6.09314
3758135,0,2014-12-09T22:43:52.000,3:43:53 PM,2008.21,203.015,22423,-0.104686,0.62546,40.9,40.2,31.5,22.2,0,6.12244
3758136,0,2014-12-09T23:13:52.000,4:13:53 PM,1988.03,199.936,22251.5,-0.104668,0.625092,40,40.2,38,22.2,0,6.08826
3758137,0,2014-12-09T23:43:52.000,4:43:53 PM,2014.1,203.939,22493.8,-0.104631,0.625276,41.5,40.2,34.3,22.2,0,6.12061
3758138,0,2014-12-10T00:13:52.000,5:13:53 PM,1997.65,202.092,22344.7,-0.104686,0.62546,40.5,39.9,30.4,22.3,0,6.10748
3758139,0,2014-12-10T00:43:52.000,5:43:53 PM,2004.48,199.936,22355.9,-0.104612,0.625276,42,41.2,39.4,22.2,0,6.04553
3758140,0,2014-12-10T01:13:52.000,6:13:53 PM,2014.1,202.092,22460.2,-0.104649,0.62546,41.3,41.9,32.4,22.2,0,6.11206
3758141,0,2014-12-10T01:43:52.000,6:43:53 PM,1988.03,199.012,22251.5,-0.104705,0.62546,40.3,41.5,29.8,22.2,0,6.12366
3758142,0,2014-12-10T02:13:52.000,7:13:53 PM,1992.69,199.012,22251.5,-0.104631,0.625276,41.4,42.2,36.2,22.2,0,6.04462
3758143,0,2014-12-10T02:43:52.000,7:43:53 PM,2014.1,200.86,22251.5,-0.104686,0.62546,41.4,39.7,31,22.1,0,6.10443
3758144,0,2014-12-10T03:13:52.000,8:13:53 PM,1996.72,202.092,22329.8,-0.104649,0.625092,40.4,39.9,40.9,22.2,0,6.10535
3758145,0,2014-12-10T03:43:52.000,8:43:53 PM,1986.17,200.86,22236.6,-0.104649,0.625276,39.7,39.9,33.5,22.2,0,6.05591
3758146,0,2014-12-10T04:13:52.000,9:13:53 PM,2002.62,203.015,22389.4,-0.104686,0.62546,40.5,39.8,30.1,22.2,0,6.08734
3758147,0,2014-12-10T04:43:52.000,9:43:53 PM,1988.03,200.86,22236.6,-0.104612,0.625276,39.7,39.6,37,22.1,0,6.05591
3758148,0,2014-12-10T05:13:52.000,10:13:53 PM,2011.31,203.015,22471.4,-0.104668,0.62546,41.2,39.9,31.4,22.3,0,6.11389
3758149,0,2014-12-10T05:43:52.000,10:43:53 PM,1988.96,200.86,22262.7,-0.104649,0.625092,40.2,39.8,40.2,22.2,0,6.10352
3758150,0,2014-12-10T06:13:52.000,11:13:53 PM,2008.21,200.86,22389.4,-0.104631,0.62546,41.8,41.6,34,22.1,0,6.05133
3758151,0,2014-12-10T06:43:52.000,11:43:53 PM,2007.28,200.86,22434.1,-0.104631,0.625706,40.8,41.1,30.3,22.2,0,6.08276
3758152,0,2014-12-10T07:13:52.000,12:13:53 AM,1986.17,200.86,22214.2,-0.104612,0.625276,40.1,39.7,39.7,22.2,0,6.11298
3758153,0,2014-12-10T07:43:52.000,12:43:53 AM,2014.1,203.015,22482.6,-0.104668,0.62546,42,39.6,32.4,22.2,0,6.04462
3758154,0,2014-12-10T08:13:52.000,1:13:53 AM,2008.21,202.092,22400.6,-0.104668,0.625706,40.6,41.8,29.8,22.3,0,6.08368
3758155,0,2014-12-10T08:43:52.000,1:43:53 AM,1984.93,200.86,22180.6,-0.104631,0.625276,39.7,41.1,35.1,22.3,0,6.07117
3758156,0,2014-12-10T09:13:52.000,2:13:53 AM,2013.17,203.015,22434.1,-0.104686,0.62546,41.4,40.6,30.6,22.1,0,6.07208
3758157,0,2014-12-10T09:43:52.000,2:43:53 AM,1994.86,203.015,22318.6,-0.104612,0.625092,40.2,41.2,39,22.2,0,6.09009
3758158,0,2014-12-10T10:13:52.000,3:13:53 AM,1987.1,199.012,22251.5,-0.104686,0.62546,40.8,40.9,32.2,22.1,0,6.04462
3758159,0,2014-12-10T10:43:52.000,3:43:53 AM,2014.1,203.015,22449.1,-0.104705,0.62546,41.9,40.4,31.7,22.1,0,6.08917
3758160,0,2014-12-10T11:13:52.000,4:13:53 AM,2014.1,203.015,22449.1,-0.104705,0.62546,41.9,40.4,31.7,22.1,0,6.08917
3758161,0,2014-12-10T11:43:52.000,4:43:53 AM,1986.17,200.86,22203,-0.104668,0.62546,39.9,41.4,30.8,22.1,0,6.09406
3758162,0,2014-12-10T12:13:52.000,5:13:53 AM,2011.31,203.015,22423,-0.104631,0.625092,41.7,41.1,40.3,22.1,0,6.08826
3758163,0,2014-12-10T12:43:52.000,5:43:53 AM,2009.14,203.015,22411.8,-0.104612,0.625276,40.6,41.6,32.8,22.2,0,6.09314
3758164,0,2014-12-10T13:13:52.000,6:13:53 AM,1984,199.936,22251.5,-0.104705,0.62546,39.7,41.1,29.9,22.1,0,6.05225
3758165,0,2014-12-10T13:43:52.000,6:43:53 AM,2014.1,203.939,22482.6,-0.104588,0.625276,40.9,40.8,36.4,22.2,0,6.06842
3758166,0,2014-12-10T14:13:52.000,7:13:53 AM,1986.17,200.86,22225.4,-0.104668,0.62546,40,40.6,31.1,22.1,0,6.08643
3758167,0,2014-12-10T14:43:52.000,7:43:53 AM,85.6592,187.619,21170.4,-0.104668,0.625092,42.1,40.1,40.6,22.1,0,6.16913
3758168,0,2014-12-10T15:13:52.000,8:13:53 AM,2014.1,202.092,22389.4,-0.104631,0.624907,41.1,40.4,33.5,22.3,0,7.74689
3758169,0,2014-12-10T15:43:52.000,8:43:53 AM,1984.93,202.092,22307.4,-0.104939,0.624723,36.9,36.8,30,22.1,0,7.34436
3758170,0,2014-12-10T16:13:52.000,9:13:53 AM,1986.17,203.015,22307.4,-0.000243068,0.624907,34,34.1,28.5,22.2,0,6.79047
3758171,0,2014-12-10T16:43:52.000,9:43:53 AM,1237.2,147.281,15928.9,-0.000218436,0.62417,32,32,27.6,22.3,0,8.00476
3758172,0,2014-12-10T17:13:52.000,10:13:53 AM,92.4878,13.6401,439.188,-0.000243068,0.551395,30.2,30.2,26.8,22.2,0,5.37476
3758173,0,2014-12-10T17:43:52.000,10:43:53 AM,7.44116,4.09448,-328.771,-0.000218436,0.574137,28.8,28.7,26.2,22.1,0,5.37476
3758174,0,2014-12-10T18:13:52.000,11:13:53 AM,7.44116,2462.89,-384.691,-0.00026153,-1.17534,27.5,27.5,21.9,22,0,5.37292
3758175,0,2014-12-10T18:43:52.000,11:43:53 AM,7.44116,2452.42,-384.691,-0.00026153,-1.17515,26.4,26.5,21.9,22.1,0,5.37384
3758176,0,2014-12-10T19:13:52.000,12:13:53 PM,7.44116,2476.44,-373.508,-0.00026153,-1.17515,25.7,25.6,21.8,22,0,5.37384
3758177,0,2014-12-10T19:43:52.000,12:43:53 PM,7.44116,2509.08,-351.139,-0.00026153,-1.17515,25,25.1,22.1,22.1,0,5.37384
3758178,0,2014-12-10T20:13:52.000,1:13:53 PM,7.44116,2543.57,-384.691,-0.00026153,-1.17515,24.6,24.6,21.9,22.1,0,5.37292
3758179,0,2014-12-10T20:43:52.000,1:43:53 PM,7.44116,2578.06,-362.322,-0.00026153,-1.17478,24.1,24.2,21.8,22.1,0,5.37384
3758180,0,2014-12-10T21:13:52.000,2:13:53 PM,8.37231,2610.7,-351.139,-0.00026153,-1.17478,23.8,23.9,21.7,22,0,5.37384
3758181,0,2014-12-10T21:43:52.000,2:43:53 PM,7.44116,2639.64,-399.604,-0.00026153,-1.17478,23.5,23.6,21.7,21.9,0,5.37384
3758182,0,2014-12-10T22:13:52.000,3:13:53 PM,7.44116,2671.36,-399.604,-0.00026153,-1.17478,23.2,23.3,21.9,21.9,0,5.37384
3758183,0,2014-12-10T22:43:52.000,3:43:53 PM,7.44116,2698.15,-399.604,-0.00026153,-1.1746,23,23.1,21.8,22.1,0,5.37384
3758184,0,2014-12-10T23:13:52.000,4:13:53 PM,7.44116,3099.38,-373.508,-0.00026153,-1.1746,22.9,23,21.6,21.9,0,5.37384
3758185,0,2014-12-10T23:43:52.000,4:43:53 PM,7.44116,3080.29,-351.139,-0.00026153,-1.1746,22.8,22.9,22,22.1,0,5.37384
3758186,0,2014-12-11T00:13:52.000,5:13:53 PM,7.44116,3067.66,-399.604,-0.00026153,-1.1746,22.7,22.7,22.1,22.1,0,5.37384
3758187,0,2014-12-11T00:43:52.000,5:43:53 PM,7.44116,3059.04,-399.604,-0.00026153,-1.1746,22.7,22.6,21.8,22,0,5.37384
3758188,0,2014-12-11T01:13:52.000,6:13:53 PM,7.44116,3054.42,-399.604,-0.00026153,-1.1746,22.5,22.6,21.8,22,0,5.37384
3758189,0,2014-12-11T01:43:52.000,6:43:53 PM,7.44116,3049.49,-399.604,-0.00026153,-1.1746,22.5,22.5,21.8,22,0,5.37384
3758190,0,2014-12-11T02:13:52.000,7:13:53 PM,7.44116,3047.65,-399.604,-0.000243068,-1.1746,22.4,22.4,21.7,21.9,0,5.37384
3758191,0,2014-12-11T02:43:52.000,7:43:53 PM,7.44116,3047.65,-399.604,-0.00026153,-1.1746,22.4,22.4,21.9,22.1,0,5.37384
3758192,0,2014-12-11T03:13:52.000,8:13:53 PM,7.44116,3047.65,-384.691,-0.00026153,-1.17441,22.4,22.3,21.9,22,0,5.37384
3758193,0,2014-12-11T03:43:52.000,8:43:53 PM,7.44116,3046.72,-384.691,-0.00026153,-1.1746,22.3,22.4,21.9,22,0,5.37384
3758194,0,2014-12-11T04:13:52.000,9:13:53 PM,7.44116,3053.5,-384.691,-0.00026153,-1.1746,22.4,22.3,22.1,22.1,0,5.37384
3758195,0,2014-12-11T04:43:52.000,9:43:53 PM,7.44116,3050.42,-384.691,-0.00026153,-1.1746,22.3,22.2,21.7,22,0,5.37384
3758196,0,2014-12-11T05:13:52.000,10:13:53 PM,7.44116,3051.34,-384.691,-0.00026153,-1.1746,22.2,22.2,21.8,22,0,5.37384
3758197,0,2014-12-11T05:43:52.000,10:43:53 PM,7.44116,3054.42,-384.691,-0.00026153,-1.1746,22.3,22.2,21.9,22,0,5.37384
3758198,0,2014-12-11T06:13:52.000,11:13:53 PM,7.44116,3054.42,-399.604,-0.00026153,-1.1746,22.2,22.1,21.7,21.9,0,5.37384
3758199,0,2014-12-11T06:43:52.000,11:43:53 PM,7.44116,3058.12,-384.691,-0.00026153,-1.1746,22.3,22.2,21.8,21.9,0,5.37384
3758200,0,2014-12-11T07:13:52.000,12:13:53 AM,7.44116,3056.27,-384.691,-0.00026153,-1.1746,22.3,22.2,21.8,21.9,0,5.37384
3758201,0,2014-12-11T07:43:52.000,12:43:53 AM,7.44116,3063.97,-384.691,-0.00026153,-1.17441,22.3,22.3,22,22.1,0,5.37384
3758202,0,2014-12-11T08:13:52.000,1:13:53 AM,7.44116,3060.27,-384.691,-0.00026153,-1.1746,22.1,22.2,21.5,21.9,0,5.37384
3758203,0,2014-12-11T08:43:52.000,1:43:53 AM,7.44116,3054.42,-384.691,-0.00026153,-1.17441,22.1,22.1,22.1,22,0,5.37384
3758204,0,2014-12-11T09:13:52.000,2:13:53 AM,7.44116,3045.8,-384.691,-0.00026153,-1.1746,22.2,22.1,21.7,21.9,0,5.37384
3758205,0,2014-12-11T09:43:52.000,2:43:53 AM,7.44116,3046.72,-399.604,-0.00026153,-1.1746,22.2,22.1,21.6,21.9,0,5.37384
3758206,0,2014-12-11T10:13:52.000,3:13:53 AM,7.44116,3056.27,-384.691,-0.00026153,-1.1746,22.1,22.1,21.8,21.9,0,5.37384
3758207,0,2014-12-11T10:43:52.000,3:43:53 AM,7.44116,3062.12,-384.691,-0.00026153,-1.1746,22.1,22.1,21.7,21.9,0,5.37384
3758208,0,2014-12-11T11:13:52.000,4:13:53 AM,7.44116,3064.89,-384.691,-0.00026153,-1.17441,22.1,22.1,21.8,21.9,0,5.37384
3758209,0,2014-12-11T11:43:52.000,4:43:53 AM,7.44116,3070.74,-384.691,-0.00026153,-1.1746,22.1,22.1,21.7,21.9,0,5.37384
3758210,0,2014-12-11T12:13:52.000,5:13:53 AM,7.44116,3070.74,-384.691,-0.000280008,-1.17441,22.1,22.1,21.8,21.8,0,5.37384
3758211,0,2014-12-11T12:43:52.000,5:43:53 AM,7.44116,3078.44,-384.691,-0.00026153,-1.1746,22.1,22.1,21.6,21.8,0,5.37384
3758212,0,2014-12-11T13:13:52.000,6:13:53 AM,7.44116,3077.52,-384.691,-0.00026153,-1.1746,22.1,22.1,21.7,21.9,0,5.37384
3758213,0,2014-12-11T13:43:52.000,6:43:53 AM,7.44116,3083.06,-384.691,-0.00026153,-1.1746,22.1,22,21.6,21.8,0,5.37384
3758214,0,2014-12-11T14:13:52.000,7:13:53 AM,7.44116,3083.06,-384.691,-0.00026153,-1.1746,22.1,22.1,21.7,21.9,0,5.37384
3758215,0,2014-12-11T14:43:52.000,7:43:53 AM,7.44116,3087.06,-384.691,-0.00026153,-1.1746,22.1,22.1,21.8,21.8,0,5.37384
3758216,0,2014-12-11T15:13:52.000,8:13:53 AM,7.44116,3088.91,-384.691,-0.00026153,-1.1746,22,22.1,21.6,21.8,0,5.37384
3758217,0,2014-12-11T15:43:52.000,8:43:53 AM,7.44116,3090.76,-384.691,-0.00026153,-1.1746,22.1,22.1,21.6,21.9,0,5.37384
3758218,0,2014-12-11T16:13:52.000,9:13:53 AM,7.44116,3093.83,-384.691,-0.00026153,-1.1746,22.1,22.1,21.7,21.9,0,5.37384
3758219,0,2014-12-11T16:43:52.000,9:43:53 AM,7.44116,3094.76,-384.691,-0.00026153,-1.1746,22.1,22,21.6,21.8,0,5.37384
3758220,0,2014-12-11T17:13:52.000,10:13:53 AM,7.44116,3096.61,-373.508,-0.00026153,-1.1746,22,21.9,21.6,21.8,0,5.37384
3758221,0,2014-12-11T17:43:52.000,10:43:53 AM,7.44116,3098.45,-373.508,-0.00026153,-1.1746,22,22.1,21.9,21.8,0,5.37384
3758222,0,2014-12-11T18:13:52.000,11:13:53 AM,7.44116,3100.3,-362.322,-0.00026153,-1.1746,22,22.1,21.7,21.9,0,5.37384
3758223,0,2014-12-11T18:43:52.000,11:43:53 AM,7.44116,3102.46,-373.508,-0.00026153,-1.1746,22,21.9,21.8,21.9,0,5.37384
3758224,0,2014-12-11T19:13:52.000,12:13:53 PM,7.44116,3105.23,-362.322,-0.00026153,-1.17441,22,21.9,21.9,22,0,5.37384
3758225,0,2014-12-11T19:43:52.000,12:43:53 PM,7.44116,3107.08,-362.322,-0.00026153,-1.17441,22.1,22,21.7,21.9,0,5.37384
3758226,0,2014-12-11T20:13:52.000,1:13:53 PM,7.44116,3106.15,-351.139,-0.00026153,-1.17441,22.1,22.1,21.9,22,0,5.37384
3758227,0,2014-12-11T20:43:52.000,1:43:53 PM,7.44116,3108,-362.322,-0.00026153,-1.17441,22.1,22.1,21.8,22,0,5.37384
3758228,0,2014-12-11T21:13:52.000,2:13:53 PM,7.44116,3110.16,-339.955,-0.00026153,-1.17441,22.1,22.1,21.9,22.1,0,5.37384
3758229,0,2014-12-11T21:43:52.000,2:43:53 PM,7.44116,3111.08,-328.771,-0.00026153,-1.17441,22.1,22,21.8,21.9,0,5.37384
3758230,0,2014-12-11T22:13:52.000,3:13:53 PM,7.44116,3113.85,-362.322,-0.00026153,-1.1746,22.1,22.1,22,22.1,0,5.37384
3758231,0,2014-12-11T22:43:52.000,3:43:53 PM,7.44116,3112,-362.322,-0.00026153,-1.1746,22.1,22,21.8,21.9,0,5.37384
3758232,0,2014-12-11T23:13:52.000,4:13:53 PM,7.44116,3115.7,-306.404,-0.00026153,-1.17441,22.1,22.1,21.9,22,0,5.37384
3758233,0,2014-12-11T23:43:52.000,4:43:53 PM,7.44116,3112.93,-373.508,-0.00026153,-1.1746,22.1,22.1,21.9,22,0,5.37384
3758234,0,2014-12-12T00:13:52.000,5:13:53 PM,6.51001,3116.62,-373.508,-0.00026153,-1.1746,22.2,22.1,21.9,22,0,5.37384
3758235,0,2014-12-12T00:43:52.000,5:43:53 PM,7.44116,3116.62,-373.508,-0.00026153,-1.17441,22.2,22.1,22,22,0,5.37384
3758236,0,2014-12-12T01:13:52.000,6:13:53 PM,7.44116,3118.78,-373.508,-0.00026153,-1.17441,22.1,22.1,21.6,21.9,0,5.37384
3758237,0,2014-12-12T01:43:52.000,6:43:53 PM,7.44116,3118.78,-373.508,-0.00026153,-1.17441,22.2,22.1,21.8,21.9,0,5.37384
3758238,0,2014-12-12T02:13:52.000,7:13:53 PM,7.44116,3118.78,-362.322,-0.00026153,-1.1746,22.1,22.1,21.7,21.9,0,5.37384
3758239,0,2014-12-12T02:43:52.000,7:43:53 PM,7.44116,3120.62,-362.322,-0.00026153,-1.1746,22.1,22.1,21.8,21.9,0,5.37384
3758240,0,2014-12-12T03:13:52.000,8:13:53 PM,7.44116,3119.7,-362.322,-0.00026153,-1.1746,22.1,22.1,21.7,21.9,0,5.37384
3758241,0,2014-12-12T03:43:52.000,8:43:53 PM,7.44116,3121.55,-362.322,-0.00026153,-1.1746,22.1,22.1,21.9,21.9,0,5.37384
3758242,0,2014-12-12T04:13:52.000,9:13:53 PM,7.44116,3119.7,-362.322,-0.00026153,-1.1746,22.1,22.1,21.8,21.9,0,5.37384
3758243,0,2014-12-12T04:43:52.000,9:43:53 PM,7.44116,3120.62,-362.322,-0.00026153,-1.1746,22.2,22.1,21.8,21.9,0,5.37384
3758244,0,2014-12-12T05:13:52.000,10:13:53 PM,7.44116,3121.55,-362.322,-0.00026153,-1.1746,22.1,22.1,21.8,21.9,0,5.37384
3758245,0,2014-12-12T05:43:52.000,10:43:53 PM,7.44116,3121.55,-362.322,-0.00026153,-1.1746,22.2,22.1,21.9,21.9,0,5.37384
3758246,0,2014-12-12T06:13:52.000,11:13:53 PM,7.44116,3122.47,-362.322,-0.00026153,-1.17441,22.2,22.1,21.8,21.9,0,5.37384
3758247,0,2014-12-12T06:43:52.000,11:43:53 PM,7.44116,3120.62,-362.322,-0.00026153,-1.1746,22.1,22.1,21.8,21.9,0,5.37384
3758248,0,2014-12-12T07:13:52.000,12:13:53 AM,7.44116,3117.85,-362.322,-0.00026153,-1.1746,22.2,22.1,21.7,21.9,0,5.37384
3758249,0,2014-12-12T07:43:52.000,12:43:53 AM,7.44116,3110.16,-362.322,-0.00026153,-1.17441,22.1,22.1,21.7,21.9,0,5.37384
3758250,0,2014-12-12T08:13:52.000,1:13:53 AM,7.44116,3105.23,-373.508,-0.00026153,-1.1746,22.1,22.1,21.8,21.9,0,5.37384
3758251,0,2014-12-12T08:43:52.000,1:43:53 AM,7.44116,3100.3,-373.508,-0.00026153,-1.1746,22.1,22,21.8,21.9,0,5.37384
3758252,0,2014-12-12T09:13:52.000,2:13:53 AM,7.44116,3095.68,-373.508,-0.00026153,-1.1746,22.1,22.1,21.8,21.9,0,5.37384
3758253,0,2014-12-12T09:43:52.000,2:43:53 AM,6.51001,3089.83,-362.322,-0.00026153,-1.1746,22.1,22.1,21.9,21.9,0,5.37384
3758254,0,2014-12-12T10:13:52.000,3:13:53 AM,6.51001,3085.21,-373.508,-0.00026153,-1.17441,22.1,22.1,21.9,22,0,5.37384
3758255,0,2014-12-12T10:43:52.000,3:43:53 AM,7.44116,3081.21,-362.322,-0.00026153,-1.17441,22.1,22.1,22.1,22,0,5.37384
3758256,0,2014-12-12T11:13:52.000,4:13:53 AM,7.44116,3076.59,-362.322,-0.00026153,-1.17441,22.1,22.1,21.7,21.8,0,5.37384
3758257,0,2014-12-12T11:43:52.000,4:43:53 AM,6.51001,3069.82,-373.508,-0.00026153,-1.1746,22.2,22.1,21.6,21.9,0,5.37384
3758258,0,2014-12-12T12:13:52.000,5:13:53 AM,7.44116,3063.97,-373.508,-0.00026153,-1.1746,22.1,22.1,21.8,21.8,0,5.37384
3758259,0,2014-12-12T12:43:52.000,5:43:53 AM,7.44116,3063.04,-373.508,-0.00026153,-1.1746,22.1,22.1,21.5,21.8,0,5.37384
3758260,0,2014-12-12T13:13:52.000,6:13:53 AM,7.44116,3076.59,-373.508,-0.00026153,-1.17441,22.1,22,21.7,21.9,0,5.37384
3758261,0,2014-12-12T13:43:52.000,6:43:53 AM,7.44116,3083.98,-373.508,-0.00026153,-1.1746,22.1,22.1,21.6,21.9,0,5.37384
3758262,0,2014-12-12T14:13:52.000,7:13:53 AM,7.44116,3094.76,-373.508,-0.00026153,-1.1746,22,22,21.9,21.9,0,5.37384
3758263,0,2014-12-12T14:43:52.000,7:43:53 AM,7.44116,3101.53,-373.508,-0.00026153,-1.17441,22.1,22.1,21.8,21.9,0,5.37384
3758264,0,2014-12-12T15:13:52.000,8:13:53 AM,7.44116,3107.08,-373.508,-0.00026153,-1.1746,22.1,22,21.6,21.8,0,5.37384
3758265,0,2014-12-12T15:43:52.000,8:43:53 AM,7.44116,3112,-373.508,-0.00026153,-1.17441,22.1,22.1,21.8,21.9,0,5.37384
3758266,0,2014-12-12T16:13:52.000,9:13:53 AM,7.44116,3115.7,-362.322,-0.00026153,-1.1746,22,22.1,21.8,21.9,0,5.37384
3758267,0,2014-12-12T16:43:52.000,9:43:53 AM,7.44116,3122.47,-362.322,-0.00026153,-1.17441,22.1,22.1,22.1,22,0,5.37384
3758268,0,2014-12-12T17:13:52.000,10:13:53 AM,7.44116,3125.55,-362.322,-0.00026153,-1.1746,22.1,22,21.8,21.9,0,5.37384
3758269,0,2014-12-12T17:43:52.000,10:43:53 AM,7.44116,3127.4,-362.322,-0.00026153,-1.1746,22.1,22.1,21.7,21.9,0,5.37384
3758270,0,2014-12-12T18:13:52.000,11:13:53 AM,7.44116,3131.09,-351.139,-0.00026153,-1.1746,22.1,22,21.6,21.8,0,5.37384
3758271,0,2014-12-12T18:43:52.000,11:43:53 AM,7.44116,3130.17,-351.139,-0.000280008,-1.1746,22.1,22.1,21.6,21.8,0,5.37384
3758272,0,2014-12-12T19:13:52.000,12:13:53 PM,7.44116,3135.1,-351.139,-0.00026153,-1.1738,22.1,22.1,21.8,21.9,0,5.37384
3758273,0,2014-12-12T19:43:52.000,12:43:53 PM,7.44116,3132.02,-351.139,-0.00026153,-1.17441,22.1,22.1,21.6,21.9,0,5.37384
3758274,0,2014-12-12T20:13:52.000,1:13:53 PM,7.44116,3136.02,-362.322,-0.00026153,-1.1765,22,22.1,21.9,21.9,0,5.37384
3758275,0,2014-12-12T20:43:52.000,1:43:53 PM,7.44116,3136.02,-339.955,-0.00026153,-1.15505,22.1,22,21.9,21.8,0,5.37384
3758276,0,2014-12-12T21:13:52.000,2:13:53 PM,7.44116,9.94507,104.383,-0.000243068,1.60147,22.1,22.1,21.6,21.8,0,1.875
3758277,0,2014-12-12T21:43:52.000,2:43:53 PM,11.1658,6.25,0,-0.000243068,1.59938,22.1,22.1,21.8,21.8,0,1.18347
3758278,0,2014-12-12T22:13:52.000,3:13:53 PM,112.973,19.491,1207.86,-0.000243068,1.7633,22.2,22.1,21.8,21.8,0,2.25372
3758279,0,2014-12-12T22:43:52.000,3:43:53 PM,98.385,18.5671,1031.93,-0.00026153,0.00633085,22.1,22.1,21.6,21.8,0,2.25281
3758280,0,2014-12-12T23:13:52.000,4:13:53 PM,94.6604,18.5671,994.654,-0.00026153,0.00768316,22.2,22.1,21.9,21.9,0,2.25281
3758281,0,2014-12-12T23:43:52.000,4:43:53 PM,93.4189,18.5671,983.471,-0.00026153,0.00878942,22.2,22.1,21.8,21.8,0,2.25281
3758282,0,2014-12-13T00:13:52.000,5:13:53 PM,91.5566,18.5671,972.287,-0.000280008,0.00958848,22.1,22.1,21.7,21.8,0,2.25281
3758283,0,2014-12-13T00:43:52.000,5:43:53 PM,91.5566,18.5671,961.102,-0.00026153,0.0101417,22.2,22.1,22,21.8,0,2.25281
3758284,0,2014-12-13T01:13:52.000,6:13:53 PM,90.6255,17.6433,949.918,-0.00026153,0.0107564,22.1,22.1,21.7,21.6,0,2.25281
3758285,0,2014-12-13T01:43:52.000,6:43:53 PM,88.7629,18.5671,938.734,-0.00026153,0.0111251,22.1,22.1,21.8,21.7,0,2.25281
3758286,0,2014-12-13T02:13:52.000,7:13:53 PM,88.7629,17.6433,949.918,-0.00026153,0.0114939,22.1,22,21.9,21.6,0,2.25281
3758287,0,2014-12-13T02:43:52.000,7:43:53 PM,87.8318,18.5671,927.551,-0.00026153,0.0116783,22.1,22.1,21.8,21.6,0,2.25281
3758288,0,2014-12-13T03:13:52.000,8:13:53 PM,87.8318,18.5671,927.551,-0.00026153,0.0118628,22.2,22.1,21.9,21.9,0,2.25769
3758289,0,2014-12-13T03:43:52.000,8:43:53 PM,87.8318,17.6433,927.551,-0.00026153,0.012293,22.1,22.1,21.7,21.7,0,2.25372
3758290,0,2014-12-13T04:13:52.000,9:13:53 PM,87.8318,17.6433,927.551,-0.00026153,0.0126617,22.1,22.1,21.8,21.8,0,2.25098
3758291,0,2014-12-13T04:43:52.000,9:43:53 PM,87.8318,18.5671,927.551,-0.00026153,0.0128461,22.1,22.1,21.8,21.8,0,2.24701
3758292,0,2014-12-13T05:13:52.000,10:13:53 PM,87.8318,17.6433,927.551,-0.00026153,0.0133994,22.1,22,21.8,21.8,0,2.24518
3758293,0,2014-12-13T05:43:52.000,10:43:53 PM,87.8318,17.6433,927.551,-0.00026153,0.0137681,22.1,22,21.8,21.7,0,2.24335
3758294,0,2014-12-13T06:13:52.000,11:13:53 PM,87.8318,18.5671,927.551,-0.00026153,0.0141984,22.1,22.1,21.8,21.8,0,2.24152
3758295,0,2014-12-13T06:43:52.000,11:43:53 PM,87.8318,18.5671,927.551,-0.00026153,0.0145671,22.1,22.1,21.8,21.8,0,2.23846
3758296,0,2014-12-13T07:13:52.000,12:13:53 AM,87.8318,18.5671,927.551,-0.00026153,0.0145671,22.1,22.1,21.9,21.8,0,2.23572
3758297,0,2014-12-13T07:43:52.000,12:43:53 AM,87.8318,18.5671,927.551,-0.00026153,0.0151204,22.2,22.1,21.9,21.8,0,2.23389
3758298,0,2014-12-13T08:13:52.000,1:13:53 AM,87.8318,17.6433,927.551,-0.00026153,0.0153047,22.1,22.1,21.8,21.8,0,2.23083
3758299,0,2014-12-13T08:43:52.000,1:43:53 AM,88.7629,17.6433,927.551,-0.00026153,0.015735,22.2,22.1,21.8,21.7,0,2.22717
3758300,0,2014-12-13T09:13:52.000,2:13:53 AM,87.8318,18.5671,927.551,-0.00026153,0.0159194,22.1,22.1,22,21.9,0,2.22717
3758301,0,2014-12-13T09:43:52.000,2:43:53 AM,87.8318,17.6433,938.734,-0.00026153,0.0161037,22.1,22.2,21.6,21.5,0,2.22626
3758302,0,2014-12-13T10:13:52.000,3:13:53 AM,87.8318,17.6433,927.551,-0.00026153,0.0162882,22.1,22.1,21.8,21.6,0,2.22412
3758303,0,2014-12-13T10:43:52.000,3:43:53 AM,87.8318,17.6433,927.551,-0.00026153,0.0164726,22.2,22.1,21.8,21.6,0,2.21954
3758304,0,2014-12-13T11:13:52.000,4:13:53 AM,87.8318,17.6433,927.551,-0.00026153,0.0164726,22.1,22.1,21.8,21.6,0,2.21863
3758305,0,2014-12-13T11:43:52.000,4:43:53 AM,87.8318,17.6433,927.551,-0.00026153,0.016657,22.1,22.1,21.7,21.6,0,2.21283
3758306,0,2014-12-13T12:13:52.000,5:13:53 AM,87.8318,17.6433,927.551,-0.00026153,0.016657,22.1,22.1,21.8,21.8,0,2.20917
3758307,0,2014-12-13T12:43:52.000,5:43:53 AM,87.8318,17.6433,927.551,-0.00026153,0.0168414,22.1,22.1,21.7,21.7,0,2.2052
3758308,0,2014-12-13T13:13:52.000,6:13:53 AM,88.7629,16.7195,927.551,-0.00026153,0.0172716,22.1,22.1,21.9,21.8,0,2.20337
3758309,0,2014-12-13T13:43:52.000,6:43:53 AM,87.8318,17.6433,927.551,-0.00026153,0.0172716,22.1,22,21.8,21.6,0,2.20337
3758310,0,2014-12-13T14:13:52.000,7:13:53 AM,87.8318,17.6433,927.551,-0.00026153,0.0172716,22.1,22.1,21.7,21.6,0,2.20337
3758311,0,2014-12-13T14:43:52.000,7:43:53 AM,87.8318,16.7195,927.551,-0.00026153,0.0174561,22.1,22.1,21.8,21.7,0,2.19849
3758312,0,2014-12-13T15:13:52.000,8:13:53 AM,87.8318,17.6433,927.551,-0.00026153,0.0176404,22.1,22,21.7,21.8,0,2.19849
3758313,0,2014-12-13T15:43:52.000,8:43:53 AM,87.8318,17.6433,927.551,-0.00026153,0.0176404,22.1,22,21.8,21.8,0,2.19666
3758314,0,2014-12-13T16:13:52.000,9:13:53 AM,87.8318,17.6433,927.551,-0.00026153,0.0178248,22.1,22.1,21.8,21.7,0,2.19482
3758315,0,2014-12-13T16:43:52.000,9:43:53 AM,87.8318,17.6433,927.551,-0.00026153,0.0178248,22.2,22.1,21.9,21.8,0,2.19299
3758316,0,2014-12-13T17:13:52.000,10:13:53 AM,87.8318,17.6433,927.551,-0.00026153,0.0180092,22.1,22.1,21.8,21.9,0,2.19177
3758317,0,2014-12-13T17:43:52.000,10:43:53 AM,88.7629,16.7195,927.551,-0.00026153,0.0181936,22.1,22.1,21.9,21.9,0,2.19086
3758318,0,2014-12-13T18:13:52.000,11:13:53 AM,87.8318,17.6433,938.734,-0.00026153,0.0180092,22.1,22.1,21.8,21.8,0,2.19177
3758319,0,2014-12-13T18:43:52.000,11:43:53 AM,87.8318,17.6433,927.551,-0.00026153,0.0181936,22.2,22.1,21.9,21.9,0,2.19177
3758320,0,2014-12-13T19:13:52.000,12:13:53 PM,87.8318,16.7195,927.551,-0.00026153,0.018378,22.1,22.1,21.9,21.9,0,2.18719
3758321,0,2014-12-13T19:43:52.000,12:43:53 PM,87.8318,16.7195,927.551,-0.00026153,0.018378,22.2,22.1,21.9,21.9,0,2.18719
3758322,0,2014-12-13T20:13:52.000,1:13:53 PM,87.8318,16.7195,927.551,-0.00026153,0.018378,22.1,22.1,21.9,22,0,2.18719
3758323,0,2014-12-13T20:43:52.000,1:43:53 PM,87.8318,17.6433,927.551,-0.00026153,0.018378,22.2,22.1,21.9,22,0,2.18719
3758324,0,2014-12-13T21:13:52.000,2:13:53 PM,88.7629,16.7195,927.551,-0.00026153,0.018378,22.1,22.1,22,22,0,2.18536
3758325,0,2014-12-13T21:43:52.000,2:43:53 PM,87.8318,17.6433,927.551,-0.00026153,0.0185624,22.2,22.1,22,22.1,0,2.18536
3758326,0,2014-12-13T22:13:52.000,3:13:53 PM,88.7629,16.7195,927.551,-0.00026153,0.0187467,22.2,22.1,21.9,22,0,2.18536
3758327,0,2014-12-13T22:43:52.000,3:43:53 PM,88.7629,16.7195,927.551,-0.00026153,0.0187467,22.2,22.1,21.9,22,0,2.18536
3758328,0,2014-12-13T23:13:52.000,4:13:53 PM,87.8318,17.6433,927.551,-0.00026153,0.0187467,22.1,22.1,21.8,21.9,0,2.18536
3758329,0,2014-12-13T23:43:52.000,4:43:53 PM,87.8318,17.6433,916.367,-0.00026153,0.0189927,22.2,22.1,21.9,21.9,0,2.18231
3758330,0,2014-12-14T00:13:52.000,5:13:53 PM,87.8318,17.6433,927.551,-0.00026153,0.0191771,22.1,22.1,21.8,21.9,0,2.18231
3758331,0,2014-12-14T00:43:52.000,5:43:53 PM,87.8318,16.7195,927.551,-0.00026153,0.0193614,22.1,22.1,21.8,21.9,0,2.1814
3758332,0,2014-12-14T01:13:52.000,6:13:53 PM,88.7629,16.7195,927.551,-0.00026153,0.0195458,22.3,22.1,21.9,21.9,0,2.17773
3758333,0,2014-12-14T01:43:52.000,6:43:53 PM,87.8318,17.6433,927.551,-0.000280008,0.0195458,22.1,22.1,21.8,21.8,0,2.17682
3758334,0,2014-12-14T02:13:52.000,7:13:53 PM,87.8318,16.7195,927.551,-0.00026153,0.0197302,22.1,22.1,21.8,21.8,0,2.17682
3758335,0,2014-12-14T02:43:52.000,7:43:53 PM,87.8318,16.7195,927.551,-0.00026153,0.0199146,22.1,22.1,21.7,21.8,0,2.17682
3758336,0,2014-12-14T03:13:52.000,8:13:53 PM,87.8318,16.7195,927.551,-0.00026153,0.0199146,22.1,22.1,21.6,21.7,0,2.17102
3758337,0,2014-12-14T03:43:52.000,8:43:53 PM,87.8318,17.6433,927.551,-0.00026153,0.020099,22.1,22.1,21.8,21.8,0,2.16614
3758338,0,2014-12-14T04:13:52.000,9:13:53 PM,87.8318,16.7195,927.551,-0.00026153,0.020099,22.2,22.1,21.8,21.7,0,2.16614
3758339,0,2014-12-14T04:43:52.000,9:43:53 PM,87.8318,17.6433,927.551,-0.00026153,0.0202833,22.2,22.1,21.9,21.9,0,2.16522
3758340,0,2014-12-14T05:13:52.000,10:13:53 PM,87.8318,17.6433,927.551,-0.00026153,0.0202833,22.1,22.1,21.8,21.6,0,2.16522
3758341,0,2014-12-14T05:43:52.000,10:43:53 PM,87.8318,16.7195,927.551,-0.00026153,0.0205293,22.1,22.1,21.7,21.6,0,2.15942
3758342,0,2014-12-14T06:13:52.000,11:13:53 PM,87.8318,16.7195,927.551,-0.00026153,0.0207137,22.1,22.1,21.8,21.7,0,2.15668
3758343,0,2014-12-14T06:43:52.000,11:43:53 PM,87.8318,17.6433,927.551,-0.00026153,0.0207137,22.1,22.1,21.8,21.6,0,2.15485
3758344,0,2014-12-14T07:13:52.000,12:13:53 AM,87.8318,17.6433,927.551,-0.00026153,0.0207137,22,22,21.7,21.6,0,2.15302
3758345,0,2014-12-14T07:43:52.000,12:43:53 AM,88.7629,17.6433,927.551,-0.00026153,0.020898,22.1,22,21.7,21.7,0,2.14905
3758346,0,2014-12-14T08:13:52.000,1:13:53 AM,88.7629,17.6433,927.551,-0.00026153,0.020898,22.1,22.1,21.7,21.7,0,2.14447
3758347,0,2014-12-14T08:43:52.000,1:43:53 AM,88.7629,17.6433,927.551,-0.00026153,0.0210824,22.1,22.1,21.8,21.7,0,2.14447
3758348,0,2014-12-14T09:13:52.000,2:13:53 AM,87.8318,17.6433,927.551,-0.00026153,0.0210824,22.1,22.1,21.8,21.6,0,2.14447
3758349,0,2014-12-14T09:43:52.000,2:43:53 AM,87.8318,17.6433,927.551,-0.00026153,0.0212668,22.1,22.1,21.7,21.6,0,2.14325
3758350,0,2014-12-14T10:13:52.000,3:13:53 AM,87.8318,17.6433,927.551,-0.00026153,0.0212668,22.1,22.1,21.8,21.7,0,2.13867
3758351,0,2014-12-14T10:43:52.000,3:43:53 AM,87.8318,16.7195,927.551,-0.00026153,0.0214512,22,22,21.8,21.6,0,2.13776
3758352,0,2014-12-14T11:13:52.000,4:13:53 AM,87.8318,16.7195,927.551,-0.00026153,0.0214512,22.1,22,21.8,21.6,0,2.13593
3758353,0,2014-12-14T11:43:52.000,4:43:53 AM,87.8318,16.7195,927.551,-0.00026153,0.0216357,22.1,22,21.7,21.6,0,2.13379
3758354,0,2014-12-14T12:13:52.000,5:13:53 AM,87.8318,17.6433,927.551,-0.00026153,0.0216357,22.1,22,21.8,21.6,0,2.13287
3758355,0,2014-12-14T12:43:52.000,5:43:53 AM,87.8318,16.7195,927.551,-0.00026153,0.0218201,22,22,21.8,21.6,0,2.13013
3758356,0,2014-12-14T13:13:52.000,6:13:53 AM,87.8318,16.7195,927.551,-0.00026153,0.0218201,22.1,22,21.7,21.6,0,2.1283
3758357,0,2014-12-14T13:43:52.000,6:43:53 AM,87.8318,17.6433,938.734,-0.00026153,0.0220044,22.1,22.1,21.8,21.7,0,2.1283
3758358,0,2014-12-14T14:13:52.000,7:13:53 AM,87.8318,16.7195,927.551,-0.00026153,0.0220044,22.1,22,21.6,21.6,0,2.12524
3758359,0,2014-12-14T14:43:52.000,7:43:53 AM,87.8318,17.6433,927.551,-0.00026153,0.0222503,22.1,22,21.8,21.8,0,2.12158
3758360,0,2014-12-14T15:13:52.000,8:13:53 AM,87.8318,17.6433,927.551,-0.00026153,0.0222503,22,22,21.8,21.8,0,2.12158
3758361,0,2014-12-14T15:43:52.000,8:43:53 AM,87.8318,17.6433,927.551,-0.00026153,0.0224347,22,22.1,21.9,21.9,0,2.11761
3758362,0,2014-12-14T16:13:52.000,9:13:53 AM,88.7629,16.7195,938.734,-0.00026153,0.0224347,22.1,21.9,21.6,21.5,0,2.11761
3758363,0,2014-12-14T16:43:52.000,9:43:53 AM,87.8318,17.6433,927.551,-0.00026153,0.022619,22.1,22.1,21.6,21.6,0,2.11761
3758364,0,2014-12-14T17:13:52.000,10:13:53 AM,87.8318,16.7195,927.551,-0.00026153,0.0228034,22.1,22,21.7,21.6,0,2.11761
3758365,0,2014-12-14T17:43:52.000,10:43:53 AM,87.8318,17.6433,927.551,-0.00026153,0.0228034,22.1,22,21.8,21.7,0,2.11761
3758366,0,2014-12-14T18:13:52.000,11:13:53 AM,87.8318,17.6433,938.734,-0.00026153,0.0229878,22.1,22.1,21.7,21.6,0,2.1167
3758367,0,2014-12-14T18:43:52.000,11:43:53 AM,87.8318,17.6433,927.551,-0.00026153,0.0231723,22.1,22,21.7,21.6,0,2.11578
3758368,0,2014-12-14T19:13:52.000,12:13:53 PM,87.8318,17.6433,927.551,-0.00026153,0.0231723,22.1,21.9,21.8,21.6,0,2.11304
3758369,0,2014-12-14T19:43:52.000,12:43:53 PM,87.8318,17.6433,927.551,-0.00026153,0.0233567,22,22,21.7,21.6,0,2.11304
3758370,0,2014-12-14T20:13:52.000,1:13:53 PM,87.8318,17.6433,927.551,-0.00026153,0.023541,22.1,22,21.8,21.6,0,2.11212
3758371,0,2014-12-14T20:43:52.000,1:43:53 PM,87.8318,18.5671,927.551,-0.00026153,0.023541,22.1,21.9,21.7,21.6,0,2.11212
3758372,0,2014-12-14T21:13:52.000,2:13:53 PM,87.8318,17.6433,938.734,-0.00026153,0.0239713,22,22.1,21.6,21.7,0,2.11212
3758373,0,2014-12-14T21:43:52.000,2:43:53 PM,87.8318,17.6433,927.551,-0.00026153,0.0239713,22.1,21.9,21.7,21.8,0,2.1109
3758374,0,2014-12-14T22:13:52.000,3:13:53 PM,87.8318,17.6433,927.551,-0.00026153,0.0241557,22,22.1,21.9,21.8,0,2.1109
3758375,0,2014-12-14T22:43:52.000,3:43:53 PM,87.8318,17.6433,927.551,-0.00026153,0.02434,22.1,22,21.8,21.7,0,2.1109
3758376,0,2014-12-14T23:13:52.000,4:13:53 PM,87.8318,17.6433,938.734,-0.00026153,0.0245245,22.1,22.1,21.8,21.8,0,2.1109
3758377,0,2014-12-14T23:43:52.000,4:43:53 PM,87.8318,16.7195,916.367,-0.00026153,0.0247089,22.1,22.1,21.8,21.7,0,2.1109
3758378,0,2014-12-15T00:13:52.000,5:13:53 PM,87.8318,16.7195,927.551,-0.000280008,0.0247089,22.1,22.1,21.8,21.8,0,2.1109
3758379,0,2014-12-15T00:43:52.000,5:43:53 PM,87.8318,17.6433,927.551,-0.00026153,0.0250777,22.1,22.1,21.7,21.6,0,2.1109
3758380,0,2014-12-15T01:13:52.000,6:13:53 PM,87.8318,16.7195,927.551,-0.00026153,0.0250777,22.1,22.1,21.8,21.6,0,2.10632
3758381,0,2014-12-15T01:43:52.000,6:43:53 PM,87.8318,16.7195,927.551,-0.00026153,0.025262,22.1,22.1,21.8,21.8,0,2.10541
3758382,0,2014-12-15T02:13:52.000,7:13:53 PM,87.8318,17.6433,938.734,-0.00026153,0.0255079,22.1,22,21.8,21.7,0,2.10236
3758383,0,2014-12-15T02:43:52.000,7:43:53 PM,87.8318,17.6433,938.734,-0.00026153,0.0255079,22.1,22.1,21.8,21.7,0,2.10236
3758384,0,2014-12-15T03:13:52.000,8:13:53 PM,87.8318,17.6433,927.551,-0.00026153,0.0256923,22.1,22.1,21.8,21.8,0,2.10236
3758385,0,2014-12-15T03:43:52.000,8:43:53 PM,87.8318,17.6433,938.734,-0.00026153,0.0256923,22.1,22.1,21.9,21.8,0,2.10052
3758386,0,2014-12-15T04:13:52.000,9:13:53 PM,87.8318,18.5671,938.734,-0.00026153,0.0256923,22.2,22.1,21.8,21.7,0,2.10052
3758387,0,2014-12-15T04:43:52.000,9:43:53 PM,87.8318,18.5671,949.918,-0.00026153,0.0258766,22.1,22,21.8,21.6,0,2.09961
3758388,0,2014-12-15T05:13:52.000,10:13:53 PM,87.8318,17.6433,927.551,-0.00026153,0.0258766,22.1,22.1,21.8,21.7,0,2.09778
3758389,0,2014-12-15T05:43:52.000,10:43:53 PM,87.8318,17.6433,938.734,-0.00026153,0.0260611,22.1,22.1,21.7,21.6,0,2.09595
3758390,0,2014-12-15T06:13:52.000,11:13:53 PM,87.8318,17.6433,927.551,-0.00026153,0.0262455,22.1,22.1,21.9,21.8,0,2.09595
3758391,0,2014-12-15T06:43:52.000,11:43:53 PM,88.7629,17.6433,938.734,-0.00026153,0.0262455,22.1,22,21.7,21.6,0,2.09381
3758392,0,2014-12-15T07:13:52.000,12:13:53 AM,87.8318,18.5671,938.734,-0.00026153,0.0264299,22.1,22.1,21.7,21.6,0,2.0929
3758393,0,2014-12-15T07:43:52.000,12:43:53 AM,87.8318,18.5671,927.551,-0.00026153,0.0266143,22.1,22.1,21.7,21.6,0,2.09015
3758394,0,2014-12-15T08:13:52.000,1:13:53 AM,87.8318,16.7195,927.551,-0.00026153,0.0266143,22.1,22.1,21.8,21.6,0,2.0874
3758395,0,2014-12-15T08:43:52.000,1:43:53 AM,87.8318,17.6433,938.734,-0.00026153,0.0267987,22.1,22,21.7,21.6,0,2.0874
3758396,0,2014-12-15T09:13:52.000,2:13:53 AM,87.8318,17.6433,927.551,-0.00026153,0.026983,22.1,22.1,21.6,21.6,0,2.08435
3758397,0,2014-12-15T09:43:52.000,2:43:53 AM,87.8318,17.6433,938.734,-0.00026153,0.026983,22.1,22,21.7,21.6,0,2.08344
3758398,0,2014-12-15T10:13:52.000,3:13:53 AM,87.8318,17.6433,938.734,-0.00026153,0.027229,22.1,22.1,21.7,21.6,0,2.07977
3758399,0,2014-12-15T10:43:52.000,3:43:53 AM,87.8318,18.5671,938.734,-0.00026153,0.027229,22.1,22.1,21.6,21.6,0,2.07855
3758400,0,2014-12-15T11:13:52.000,4:13:53 AM,87.8318,17.6433,927.551,-0.00026153,0.027229,22.1,22.1,21.8,21.6,0,2.07672
3758401,0,2014-12-15T11:43:52.000,4:43:53 AM,87.8318,18.5671,938.734,-0.00026153,0.0274134,22,22,21.7,21.7,0,2.07581
3758402,0,2014-12-15T12:13:52.000,5:13:53 AM,87.8318,17.6433,927.551,-0.00026153,0.0274134,22.1,21.9,21.8,21.6,0,2.07397
3758403,0,2014-12-15T12:43:52.000,5:43:53 AM,87.8318,18.5671,938.734,-0.00026153,0.0275977,22,22,21.6,21.6,0,2.07214
3758404,0,2014-12-15T13:13:52.000,6:13:53 AM,88.7629,18.5671,938.734,-0.00026153,0.0277821,22.1,21.9,21.6,21.6,0,2.06451
3758405,0,2014-12-15T13:43:52.000,6:43:53 AM,88.7629,18.5671,938.734,-0.00026153,0.0279665,22,22.1,21.8,21.8,0,2.06451
3758406,0,2014-12-15T14:13:52.000,7:13:53 AM,88.7629,18.5671,938.734,-0.000280008,0.0281509,22.1,22,21.7,21.6,0,2.06451
3758407,0,2014-12-15T14:43:52.000,7:43:53 AM,88.7629,17.6433,938.734,-0.00026153,0.0283353,22.1,21.9,21.7,21.6,0,2.06451
3758408,0,2014-12-15T15:13:52.000,8:13:53 AM,87.8318,17.6433,927.551,-0.00026153,0.0283353,22.1,22.1,21.8,21.6,0,2.06451
3758409,0,2014-12-15T15:43:52.000,8:43:53 AM,87.8318,18.5671,938.734,-0.00026153,0.0287656,22.1,22.1,21.8,21.8,0,2.06543
3758410,0,2014-12-15T16:13:52.000,9:13:53 AM,87.8318,18.5671,938.734,-0.00026153,0.0285196,22.1,22.1,21.8,21.6,0,2.06451
3758411,0,2014-12-15T16:43:52.000,9:43:53 AM,87.8318,17.6433,927.551,-0.00026153,0.0287656,22.1,22.1,21.8,21.6,0,2.06451
3758412,0,2014-12-15T17:13:52.000,10:13:53 AM,88.7629,17.6433,938.734,-0.00026153,0.0287656,22.1,22.1,21.8,21.6,0,2.06238
3758413,0,2014-12-15T17:43:52.000,10:43:53 AM,87.8318,17.6433,927.551,-0.00026153,0.0287656,22.1,22,21.7,21.6,0,2.06146
3758414,0,2014-12-15T18:13:52.000,11:13:53 AM,87.8318,17.6433,927.551,-0.00026153,0.02895,22.1,22,21.5,21.4,0,2.0578
3758415,0,2014-12-15T18:43:52.000,11:43:53 AM,87.8318,15.7957,797.072,-0.00026153,0.0291343,22,21.9,21.7,21.7,0,2.05292
3758416,0,2014-12-15T19:13:52.000,12:13:53 PM,8.37231,10.8689,99.9434,-0.00026153,0.0384769,22,22,21.7,21.5,0,2.58789
3758417,0,2014-12-15T19:43:52.000,12:43:53 PM,8.37231,10.8689,99.9434,-0.00026153,0.039276,22.1,22.1,21.8,21.5,0,2.58881
3758418,0,2014-12-15T20:13:52.000,1:13:53 PM,7.44116,5.01831,-295.221,-0.00026153,0.037555,22.1,22.1,21.7,21.5,0,2.58881
3758419,0,2014-12-15T20:43:52.000,1:43:53 PM,6.51001,9.94507,21.6563,-0.00026153,0.0425336,22.1,22,21.8,21.6,0,2.58881
3758420,0,2014-12-15T21:13:52.000,2:13:53 PM,7.44116,10.8689,88.7598,-0.00026153,0.0523065,22,21.9,21.8,21.6,0,2.58881
3758421,0,2014-12-15T21:43:52.000,2:43:53 PM,6.51001,11.7927,148.408,-0.00026153,0.0616492,22,21.9,21.9,21.7,0,2.58881
3758422,0,2014-12-15T22:13:52.000,3:13:53 PM,7.44116,11.7927,204.326,-0.00026153,0.070869,22,22,21.8,21.5,0,2.58881
3758423,0,2014-12-15T22:43:52.000,3:43:53 PM,7.44116,12.7166,252.791,-0.00026153,0.0798428,22.1,22.1,21.8,21.6,0,2.58881
3758424,0,2014-12-15T23:13:52.000,4:13:53 PM,97.4539,17.6433,972.287,-0.00026153,0.0770154,22.1,22,21.8,21.6,0,2.50977
3758425,0,2014-12-15T23:43:52.000,4:43:53 PM,94.6604,18.5671,961.102,-0.00026153,0.0781218,22.1,22.1,21.9,21.6,0,2.50977
3758426,0,2014-12-16T00:13:52.000,5:13:53 PM,92.4878,19.491,983.471,-0.00026153,0.0787364,22.1,22.1,21.9,21.8,0,2.50977
3758427,0,2014-12-16T00:43:52.000,5:43:53 PM,92.4878,18.5671,961.102,-0.00026153,0.0789208,22.1,22.1,21.8,21.5,0,2.50977
3758428,0,2014-12-16T01:13:52.000,6:13:53 PM,90.6255,19.491,938.734,-0.00026153,0.0792897,22.1,22.1,21.8,21.6,0,2.50977
3758429,0,2014-12-16T01:43:52.000,6:43:53 PM,90.6255,19.491,949.918,-0.00026153,0.0796584,22.1,22.1,21.9,21.8,0,2.50977
3758430,0,2014-12-16T02:13:52.000,7:13:53 PM,89.6941,17.6433,905.184,-0.00026153,0.0796584,22.2,22.1,21.9,21.8,0,2.50977
3758431,0,2014-12-16T02:43:52.000,7:43:53 PM,89.6941,18.5671,927.551,-0.00026153,0.0798428,22.1,22,21.9,21.6,0,2.50977
3758432,0,2014-12-16T03:13:52.000,8:13:53 PM,89.6941,17.6433,938.734,-0.00026153,0.0800272,22.1,22,21.9,21.6,0,2.50977
3758433,0,2014-12-16T03:43:52.000,8:43:53 PM,89.6941,18.5671,938.734,-0.00026153,0.080273,22.1,22,21.9,21.6,0,2.50977
3758434,0,2014-12-16T04:13:52.000,9:13:53 PM,89.6941,17.6433,890.271,-0.00026153,0.080273,22.1,22.1,21.9,21.8,0,2.50977
3758435,0,2014-12-16T04:43:52.000,9:43:53 PM,89.6941,18.5671,927.551,-0.00026153,0.0804574,22.1,22.1,21.9,21.7,0,2.50977
3758436,0,2014-12-16T05:13:52.000,10:13:53 PM,88.7629,17.6433,916.367,-0.00026153,0.0804574,22.1,22.1,21.9,21.8,0,2.50977
3758437,0,2014-12-16T05:43:52.000,10:43:53 PM,88.7629,17.6433,916.367,-0.00026153,0.0806419,22.1,22.1,21.8,21.6,0,2.50977
3758438,0,2014-12-16T06:13:52.000,11:13:53 PM,87.8318,17.6433,938.734,-0.00026153,0.0806419,22.1,22.1,21.9,21.7,0,2.50977
3758439,0,2014-12-16T06:43:52.000,11:43:53 PM,87.8318,17.6433,890.271,-0.00026153,0.0808263,22.1,22,21.8,21.6,0,2.51068
3758440,0,2014-12-16T07:13:52.000,12:13:53 AM,87.8318,18.5671,938.734,-0.00026153,0.0808263,22.3,22.1,21.9,21.6,0,2.51068
3758441,0,2014-12-16T07:43:52.000,12:43:53 AM,88.7629,17.6433,927.551,-0.00026153,0.0808263,22.1,22.1,21.7,21.5,0,2.5058
3758442,0,2014-12-16T08:13:52.000,1:13:53 AM,88.7629,18.5671,916.367,-0.00026153,0.0810107,22.1,22.1,22,21.8,0,2.50488
3758443,0,2014-12-16T08:43:52.000,1:43:53 AM,88.7629,18.5671,927.551,-0.00026153,0.0810107,22.1,22.1,21.9,21.6,0,2.50488
3758444,0,2014-12-16T09:13:52.000,2:13:53 AM,87.8318,16.7195,916.367,-0.00026153,0.0810107,22.1,22.1,21.8,21.5,0,2.50488
3758445,0,2014-12-16T09:43:52.000,2:43:53 AM,87.8318,18.5671,927.551,-0.000243068,0.081195,22.1,22.1,21.9,21.7,0,2.50122
3758446,0,2014-12-16T10:13:52.000,3:13:53 AM,87.8318,18.5671,905.184,-0.00026153,0.081195,22.1,22.1,21.9,21.6,0,2.50122
3758447,0,2014-12-16T10:43:52.000,3:43:53 AM,87.8318,17.6433,905.184,-0.00026153,0.081195,22.2,22.1,21.9,21.7,0,2.50122
3758448,0,2014-12-16T11:13:52.000,4:13:53 AM,87.8318,17.6433,890.271,-0.00026153,0.081195,22.1,22.1,21.8,21.6,0,2.50031
3758449,0,2014-12-16T11:43:52.000,4:43:53 AM,87.8318,17.6433,905.184,-0.00026153,0.0813794,22.1,22.1,21.8,21.6,0,2.49817
3758450,0,2014-12-16T12:13:52.000,5:13:53 AM,87.8318,18.5671,927.551,-0.00026153,0.0813794,22.1,22.1,21.9,21.6,0,2.49542
3758451,0,2014-12-16T12:43:52.000,5:43:53 AM,87.8318,18.5671,927.551,-0.00026153,0.0813794,22.1,22.1,21.8,21.6,0,2.49359
3758452,0,2014-12-16T13:13:52.000,6:13:53 AM,87.8318,17.6433,916.367,-0.00026153,0.0813794,22.1,22.1,21.8,21.6,0,2.49176
3758453,0,2014-12-16T13:43:52.000,6:43:53 AM,88.7629,17.6433,927.551,-0.00026153,0.0815638,22.1,22,21.8,21.6,0,2.48779
3758454,0,2014-12-16T14:13:52.000,7:13:53 AM,87.8318,16.7195,905.184,-0.00026153,0.0815638,22.1,22.1,21.8,21.6,0,2.48779
3758455,0,2014-12-16T14:43:52.000,7:43:53 AM,87.8318,18.5671,927.551,-0.00026153,0.0815638,22.1,22.1,21.9,21.6,0,2.48505
3758456,0,2014-12-16T15:13:52.000,8:13:53 AM,88.7629,18.5671,927.551,-0.00026153,0.0815638,22.1,22.1,21.9,21.6,0,2.48108
3758457,0,2014-12-16T15:43:52.000,8:43:53 AM,87.8318,18.5671,927.551,-0.00026153,0.0818098,22.1,22,21.8,21.6,0,2.48108
3758458,0,2014-12-16T16:13:52.000,9:13:53 AM,87.8318,18.5671,916.367,-0.00026153,0.0818098,22.1,22.1,21.9,21.6,0,2.47833
3758459,0,2014-12-16T16:43:52.000,9:43:53 AM,87.8318,18.5671,927.551,-0.00026153,0.0819941,22.1,22.1,21.8,21.6,0,2.47833
3758460,0,2014-12-16T17:13:52.000,10:13:53 AM,88.7629,17.6433,916.367,-0.00026153,0.0819941,22.1,22.1,21.8,21.6,0,2.47559
3758461,0,2014-12-16T17:43:52.000,10:43:53 AM,87.8318,17.6433,916.367,-0.00026153,0.0819941,22,21.9,21.6,21.5,0,2.47345
3758462,0,2014-12-16T18:13:52.000,11:13:53 AM,88.7629,18.5671,927.551,-0.00026153,0.0819941,22.1,22,21.8,21.6,0,2.4707
3758463,0,2014-12-16T18:43:52.000,11:43:53 AM,87.8318,18.5671,916.367,-0.00026153,0.0821785,22,22.1,21.7,21.6,0,2.46796
3758464,0,2014-12-16T19:13:52.000,12:13:53 PM,87.8318,17.6433,916.367,-0.00026153,0.0821785,22.1,22,22,21.7,0,2.46704
3758465,0,2014-12-16T19:43:52.000,12:43:53 PM,87.8318,18.5671,927.551,-0.00026153,0.0821785,22,21.9,21.9,21.9,0,2.46216
3758466,0,2014-12-16T20:13:52.000,1:13:53 PM,88.7629,17.6433,927.551,-0.00026153,0.0823629,22,21.9,21.8,21.9,0,2.45728
3758467,0,2014-12-16T20:43:52.000,1:43:53 PM,87.8318,17.6433,927.551,-0.00026153,0.0823629,22.1,21.9,21.8,21.9,0,2.45636
